CASE: Uin = 0.026455 Ny = 21
X	Y	Z	U	V	W
6.0000000000 -0.5000000000 -0.5000000000 -0.0000000017 0.0000000000 0.0000000017
6.0000000000 -0.4499999881 -0.5000000000 -0.0000000017 -0.0000000034 -0.0000000034
6.0000000000 -0.4000000060 -0.5000000000 0.0000000034 -0.0000000034 0.0000000017
6.0000000000 -0.3499999940 -0.5000000000 -0.0000000034 0.0000000017 0.0000000000
6.0000000000 -0.3000000119 -0.5000000000 0.0000000085 0.0000000000 0.0000000000
6.0000000000 -0.2500000000 -0.5000000000 0.0000000085 -0.0000000034 -0.0000000017
6.0000000000 -0.2000000030 -0.5000000000 0.0000000085 -0.0000000051 0.0000000000
6.0000000000 -0.1500000060 -0.5000000000 0.0000000068 0.0000000017 -0.0000000017
6.0000000000 -0.1000000015 -0.5000000000 0.0000000000 0.0000000034 0.0000000000
6.0000000000 -0.0500000007 -0.5000000000 0.0000000000 0.0000000034 0.0000000017
6.0000000000 0.0000000000 -0.5000000000 -0.0000000051 0.0000000034 0.0000000017
6.0000000000 0.0500000007 -0.5000000000 -0.0000000017 -0.0000000102 -0.0000000017
6.0000000000 0.1000000015 -0.5000000000 0.0000000017 0.0000000085 -0.0000000017
6.0000000000 0.1500000060 -0.5000000000 0.0000000000 -0.0000000051 0.0000000000
6.0000000000 0.2000000030 -0.5000000000 -0.0000000017 0.0000000034 -0.0000000017
6.0000000000 0.2500000000 -0.5000000000 0.0000000017 0.0000000034 0.0000000000
6.0000000000 0.3000000119 -0.5000000000 0.0000000085 0.0000000068 -0.0000000034
6.0000000000 0.3499999940 -0.5000000000 -0.0000000017 0.0000000051 0.0000000017
6.0000000000 0.4000000060 -0.5000000000 -0.0000000017 0.0000000000 0.0000000017
6.0000000000 0.4499999881 -0.5000000000 0.0000000068 0.0000000051 0.0000000000
6.0000000000 0.5000000000 -0.5000000000 0.0000000000 0.0000000000 0.0000000000
6.0000000000 -0.5000000000 -0.4499999881 -0.0000000051 0.0000000017 -0.0000000068
6.0000000000 -0.4499999881 -0.4499999881 0.0132352086 0.0000039413 0.0000040520
6.0000000000 -0.4000000060 -0.4499999881 0.0219101496 -0.0000036553 0.0000139840
6.0000000000 -0.3499999940 -0.4499999881 0.0284246374 -0.0000250852 0.0000112097
6.0000000000 -0.3000000119 -0.4499999881 0.0334082916 -0.0000465095 0.0000079770
6.0000000000 -0.2500000000 -0.4499999881 0.0372490995 -0.0000605434 0.0000025790
6.0000000000 -0.2000000030 -0.4499999881 0.0401703902 -0.0000653139 -0.0000040662
6.0000000000 -0.1500000060 -0.4499999881 0.0423198529 -0.0000600168 -0.0000096621
6.0000000000 -0.1000000015 -0.4499999881 0.0437944382 -0.0000456091 -0.0000140248
6.0000000000 -0.0500000007 -0.4499999881 0.0446562320 -0.0000245848 -0.0000169787
6.0000000000 0.0000000000 -0.4499999881 0.0449398160 -0.0000000204 -0.0000180059
6.0000000000 0.0500000007 -0.4499999881 0.0446562544 0.0000245354 -0.0000170042
6.0000000000 0.1000000015 -0.4499999881 0.0437944382 0.0000455886 -0.0000139958
6.0000000000 0.1500000060 -0.4499999881 0.0423198529 0.0000600526 -0.0000096383
6.0000000000 0.2000000030 -0.4499999881 0.0401703604 0.0000653173 -0.0000040542
6.0000000000 0.2500000000 -0.4499999881 0.0372490622 0.0000605076 0.0000025875
6.0000000000 0.3000000119 -0.4499999881 0.0334083140 0.0000465402 0.0000079787
6.0000000000 0.3499999940 -0.4499999881 0.0284246877 0.0000251550 0.0000112148
6.0000000000 0.4000000060 -0.4499999881 0.0219101850 0.0000037200 0.0000139652
6.0000000000 0.4499999881 -0.4499999881 0.0132351872 -0.0000039021 0.0000040554
6.0000000000 0.5000000000 -0.4499999881 -0.0000000017 -0.0000000034 0.0000000000
6.0000000000 -0.5000000000 -0.4000000060 -0.0000000017 0.0000000000 -0.0000000034
6.0000000000 -0.4499999881 -0.4000000060 0.0219102129 0.0000136263 -0.0000030182
6.0000000000 -0.4000000060 -0.4000000060 0.0383113101 0.0000235090 0.0000246025
6.0000000000 -0.3499999940 -0.4000000060 0.0507604815 0.0000120920 0.0000309038
6.0000000000 -0.3000000119 -0.4000000060 0.0604192875 -0.0000102169 0.0000273530
6.0000000000 -0.2500000000 -0.4000000060 0.0678973496 -0.0000307909 0.0000140157
6.0000000000 -0.2000000030 -0.4000000060 0.0736059472 -0.0000438499 -0.0000030219
6.0000000000 -0.1500000060 -0.4000000060 0.0778144300 -0.0000463254 -0.0000196340
6.0000000000 -0.1000000015 -0.4000000060 0.0807054415 -0.0000379361 -0.0000331477
6.0000000000 -0.0500000007 -0.4000000060 0.0823962614 -0.0000212218 -0.0000421063
6.0000000000 0.0000000000 -0.4000000060 0.0829528049 -0.0000000443 -0.0000451794
6.0000000000 0.0500000007 -0.4000000060 0.0823962539 0.0000211792 -0.0000421353
6.0000000000 0.1000000015 -0.4000000060 0.0807054192 0.0000379549 -0.0000331954
6.0000000000 0.1500000060 -0.4000000060 0.0778144300 0.0000463271 -0.0000195948
6.0000000000 0.2000000030 -0.4000000060 0.0736059546 0.0000438345 -0.0000030423
6.0000000000 0.2500000000 -0.4000000060 0.0678973868 0.0000308096 0.0000140378
6.0000000000 0.3000000119 -0.4000000060 0.0604192726 0.0000102493 0.0000274211
6.0000000000 0.3499999940 -0.4000000060 0.0507605299 -0.0000120682 0.0000309055
6.0000000000 0.4000000060 -0.4000000060 0.0383113548 -0.0000234460 0.0000245940
6.0000000000 0.4499999881 -0.4000000060 0.0219102185 -0.0000135769 -0.0000030591
6.0000000000 0.5000000000 -0.4000000060 0.0000000017 0.0000000000 0.0000000000
6.0000000000 -0.5000000000 -0.3499999940 0.0000000102 0.0000000000 0.0000000119
6.0000000000 -0.4499999881 -0.3499999940 0.0284248292 0.0000107311 -0.0000237770
6.0000000000 -0.4000000060 -0.3499999940 0.0507607199 0.0000295122 0.0000141855
6.0000000000 -0.3499999940 -0.3499999940 0.0683153197 0.0000365881 0.0000390308
6.0000000000 -0.3000000119 -0.3499999940 0.0820938945 0.0000281279 0.0000438671
6.0000000000 -0.2500000000 -0.3499999940 0.0928534269 0.0000117364 0.0000288164
6.0000000000 -0.2000000030 -0.3499999940 0.1011025757 -0.0000036419 0.0000051988
6.0000000000 -0.1500000060 -0.3499999940 0.1072023660 -0.0000127058 -0.0000206336
6.0000000000 -0.1000000015 -0.3499999940 0.1114000008 -0.0000140823 -0.0000428635
6.0000000000 -0.0500000007 -0.3499999940 0.1138576567 -0.0000089294 -0.0000576477
6.0000000000 0.0000000000 -0.3499999940 0.1146669015 -0.0000000613 -0.0000628245
6.0000000000 0.0500000007 -0.3499999940 0.1138575822 0.0000088953 -0.0000576494
6.0000000000 0.1000000015 -0.3499999940 0.1113999411 0.0000141078 -0.0000428822
6.0000000000 0.1500000060 -0.3499999940 0.1072023511 0.0000127041 -0.0000206421
6.0000000000 0.2000000030 -0.3499999940 0.1011025757 0.0000036249 0.0000051869
6.0000000000 0.2500000000 -0.3499999940 0.0928534418 -0.0000117143 0.0000288112
6.0000000000 0.3000000119 -0.3499999940 0.0820939168 -0.0000280972 0.0000438500
6.0000000000 0.3499999940 -0.3499999940 0.0683153793 -0.0000365592 0.0000390035
6.0000000000 0.4000000060 -0.3499999940 0.0507607497 -0.0000295019 0.0000141480
6.0000000000 0.4499999881 -0.3499999940 0.0284248777 -0.0000106987 -0.0000238196
6.0000000000 0.5000000000 -0.3499999940 -0.0000000034 0.0000000034 -0.0000000017
6.0000000000 -0.5000000000 -0.3000000119 -0.0000000051 0.0000000000 0.0000000034
6.0000000000 -0.4499999881 -0.3000000119 0.0334087610 0.0000074898 -0.0000445489
6.0000000000 -0.4000000060 -0.3000000119 0.0604199432 0.0000259272 -0.0000070929
6.0000000000 -0.3499999940 -0.3000000119 0.0820943564 0.0000412592 0.0000316555
6.0000000000 -0.3000000119 -0.3000000119 0.0993578732 0.0000452298 0.0000488154
6.0000000000 -0.2500000000 -0.3000000119 0.1129435077 0.0000388218 0.0000401334
6.0000000000 -0.2000000030 -0.3000000119 0.1234150156 0.0000276733 0.0000163968
6.0000000000 -0.1500000060 -0.3000000119 0.1311829090 0.0000166626 -0.0000134313
6.0000000000 -0.1000000015 -0.3000000119 0.1365395337 0.0000082751 -0.0000404540
6.0000000000 -0.0500000007 -0.3000000119 0.1396794021 0.0000031070 -0.0000590007
6.0000000000 0.0000000000 -0.3000000119 0.1407139152 -0.0000000341 -0.0000655230
6.0000000000 0.0500000007 -0.3000000119 0.1396794021 -0.0000031496 -0.0000589768
6.0000000000 0.1000000015 -0.3000000119 0.1365395486 -0.0000082870 -0.0000404370
6.0000000000 0.1500000060 -0.3000000119 0.1311829090 -0.0000166353 -0.0000134159
6.0000000000 0.2000000030 -0.3000000119 0.1234150603 -0.0000276988 0.0000164343
6.0000000000 0.2500000000 -0.3000000119 0.1129435748 -0.0000387792 0.0000401862
6.0000000000 0.3000000119 -0.3000000119 0.0993579850 -0.0000451719 0.0000488546
6.0000000000 0.3499999940 -0.3000000119 0.0820944235 -0.0000412336 0.0000316589
6.0000000000 0.4000000060 -0.3000000119 0.0604200028 -0.0000259409 -0.0000071253
6.0000000000 0.4499999881 -0.3000000119 0.0334087685 -0.0000075018 -0.0000445404
6.0000000000 0.5000000000 -0.3000000119 -0.0000000034 0.0000000000 0.0000000000
6.0000000000 -0.5000000000 -0.2500000000 -0.0000000034 0.0000000017 -0.0000000017
6.0000000000 -0.4499999881 -0.2500000000 0.0372499712 0.0000021446 -0.0000578895
6.0000000000 -0.4000000060 -0.2500000000 0.0678987280 0.0000126530 -0.0000267470
6.0000000000 -0.3499999940 -0.2500000000 0.0928547233 0.0000263260 0.0000162930
6.0000000000 -0.3000000119 -0.2500000000 0.1129443496 0.0000366245 0.0000434567
6.0000000000 -0.2500000000 -0.2500000000 0.1288744956 0.0000396546 0.0000441600
6.0000000000 -0.2000000030 -0.2500000000 0.1412122101 0.0000359377 0.0000254790
6.0000000000 -0.1500000060 -0.2500000000 0.1503939778 0.0000281890 -0.0000026607
6.0000000000 -0.1000000015 -0.2500000000 0.1567382962 0.0000188971 -0.0000298685
6.0000000000 -0.0500000007 -0.2500000000 0.1604616493 0.0000093685 -0.0000492323
6.0000000000 0.0000000000 -0.2500000000 0.1616890877 -0.0000000204 -0.0000560696
6.0000000000 0.0500000007 -0.2500000000 0.1604616493 -0.0000093736 -0.0000492136
6.0000000000 0.1000000015 -0.2500000000 0.1567382812 -0.0000188801 -0.0000298804
6.0000000000 0.1500000060 -0.2500000000 0.1503940374 -0.0000281533 -0.0000026368
6.0000000000 0.2000000030 -0.2500000000 0.1412122548 -0.0000359309 0.0000254943
6.0000000000 0.2500000000 -0.2500000000 0.1288745850 -0.0000396444 0.0000441668
6.0000000000 0.3000000119 -0.2500000000 0.1129444316 -0.0000365904 0.0000434806
6.0000000000 0.3499999940 -0.2500000000 0.0928547457 -0.0000263516 0.0000163424
6.0000000000 0.4000000060 -0.2500000000 0.0678987354 -0.0000126530 -0.0000267368
6.0000000000 0.4499999881 -0.2500000000 0.0372499563 -0.0000021344 -0.0000579014
6.0000000000 0.5000000000 -0.2500000000 -0.0000000068 0.0000000000 0.0000000034
6.0000000000 -0.5000000000 -0.2000000030 -0.0000000017 0.0000000000 0.0000000068
6.0000000000 -0.4499999881 -0.2000000030 0.0401717424 -0.0000044511 -0.0000621950
6.0000000000 -0.4000000060 -0.2000000030 0.0736080483 -0.0000043778 -0.0000390411
6.0000000000 -0.3499999940 -0.2000000030 0.1011048332 0.0000028788 0.0000017988
6.0000000000 -0.3000000119 -0.2000000030 0.1234168708 0.0000130769 0.0000331769
6.0000000000 -0.2500000000 -0.2000000030 0.1412132084 0.0000212461 0.0000412914
6.0000000000 -0.2000000030 -0.2000000030 0.1550538838 0.0000246901 0.0000296946
6.0000000000 -0.1500000060 -0.2000000030 0.1653827876 0.0000231638 0.0000070910
6.0000000000 -0.1000000015 -0.2000000030 0.1725328714 0.0000176619 -0.0000167438
6.0000000000 -0.0500000007 -0.2000000030 0.1767336428 0.0000094501 -0.0000342370
6.0000000000 0.0000000000 -0.2000000030 0.1781191528 -0.0000000255 -0.0000405751
6.0000000000 0.0500000007 -0.2000000030 0.1767336130 -0.0000094518 -0.0000342251
6.0000000000 0.1000000015 -0.2000000030 0.1725329012 -0.0000176466 -0.0000167200
6.0000000000 0.1500000060 -0.2000000030 0.1653828323 -0.0000231467 0.0000070944
6.0000000000 0.2000000030 -0.2000000030 0.1550539285 -0.0000246527 0.0000296827
6.0000000000 0.2500000000 -0.2000000030 0.1412132829 -0.0000212189 0.0000412318
6.0000000000 0.3000000119 -0.2000000030 0.1234169900 -0.0000130599 0.0000331565
6.0000000000 0.3499999940 -0.2000000030 0.1011048555 -0.0000028566 0.0000018022
6.0000000000 0.4000000060 -0.2000000030 0.0736080706 0.0000043574 -0.0000390343
6.0000000000 0.4499999881 -0.2000000030 0.0401717462 0.0000044648 -0.0000621302
6.0000000000 0.5000000000 -0.2000000030 -0.0000000034 0.0000000000 -0.0000000017
6.0000000000 -0.5000000000 -0.1500000060 0.0000000034 0.0000000000 0.0000000051
6.0000000000 -0.4499999881 -0.1500000060 0.0423217751 -0.0000100215 -0.0000564276
6.0000000000 -0.4000000060 -0.1500000060 0.0778174624 -0.0000207804 -0.0000409340
6.0000000000 -0.3499999940 -0.1500000060 0.1072056592 -0.0000228276 -0.0000066008
6.0000000000 -0.3000000119 -0.1500000060 0.1311859190 -0.0000165638 0.0000227948
6.0000000000 -0.2500000000 -0.1500000060 0.1503962725 -0.0000066976 0.0000340997
6.0000000000 -0.2000000030 -0.1500000060 0.1653840095 0.0000023285 0.0000288172
6.0000000000 -0.1500000060 -0.1500000060 0.1765941083 0.0000075985 0.0000128908
6.0000000000 -0.1000000015 -0.1500000060 0.1843655407 0.0000082219 -0.0000054472
6.0000000000 -0.0500000007 -0.1500000060 0.1889354587 0.0000051372 -0.0000193360
6.0000000000 0.0000000000 -0.1500000060 0.1904432923 0.0000000102 -0.0000244918
6.0000000000 0.0500000007 -0.1500000060 0.1889354438 -0.0000050929 -0.0000193547
6.0000000000 0.1000000015 -0.1500000060 0.1843656003 -0.0000082236 -0.0000054131
6.0000000000 0.1500000060 -0.1500000060 0.1765941232 -0.0000075560 0.0000128976
6.0000000000 0.2000000030 -0.1500000060 0.1653840989 -0.0000023302 0.0000287916
6.0000000000 0.2500000000 -0.1500000060 0.1503962576 0.0000066908 0.0000340606
6.0000000000 0.3000000119 -0.1500000060 0.1311859787 0.0000166439 0.0000227540
6.0000000000 0.3499999940 -0.1500000060 0.1072057486 0.0000228395 -0.0000066246
6.0000000000 0.4000000060 -0.1500000060 0.0778175592 0.0000207617 -0.0000409408
6.0000000000 0.4499999881 -0.1500000060 0.0423218682 0.0000099773 -0.0000564174
6.0000000000 0.5000000000 -0.1500000060 0.0000000017 0.0000000000 0.0000000051
6.0000000000 -0.5000000000 -0.1000000015 0.0000000000 0.0000000000 0.0000000034
6.0000000000 -0.4499999881 -0.1000000015 0.0437969752 -0.0000143144 -0.0000416383
6.0000000000 -0.4000000060 -0.1000000015 0.0807094797 -0.0000342243 -0.0000321154
6.0000000000 -0.3499999940 -0.1000000015 0.1114045307 -0.0000448787 -0.0000075428
6.0000000000 -0.3000000119 -0.1000000015 0.1365438849 -0.0000434060 0.0000148417
6.0000000000 -0.2500000000 -0.1000000015 0.1567418724 -0.0000336824 0.0000251843
6.0000000000 -0.2000000030 -0.1000000015 0.1725354493 -0.0000212628 0.0000236611
6.0000000000 -0.1500000060 -0.1000000015 0.1843669266 -0.0000105469 0.0000139280
6.0000000000 -0.1000000015 -0.1000000015 0.1925778687 -0.0000036161 0.0000018345
6.0000000000 -0.0500000007 -0.1000000015 0.1974093914 -0.0000006149 -0.0000075950
6.0000000000 0.0000000000 -0.1000000015 0.1990040988 -0.0000000119 -0.0000111412
6.0000000000 0.0500000007 -0.1000000015 0.1974093467 0.0000006592 -0.0000076035
6.0000000000 0.1000000015 -0.1000000015 0.1925779581 0.0000036025 0.0000018293
6.0000000000 0.1500000060 -0.1000000015 0.1843669564 0.0000105061 0.0000139042
6.0000000000 0.2000000030 -0.1000000015 0.1725354940 0.0000212730 0.0000236253
6.0000000000 0.2500000000 -0.1000000015 0.1567419171 0.0000336892 0.0000252047
6.0000000000 0.3000000119 -0.1000000015 0.1365438998 0.0000434197 0.0000148162
6.0000000000 0.3499999940 -0.1000000015 0.1114046276 0.0000449179 -0.0000075701
6.0000000000 0.4000000060 -0.1000000015 0.0807095766 0.0000342533 -0.0000321444
6.0000000000 0.4499999881 -0.1000000015 0.0437970944 0.0000143825 -0.0000417065
6.0000000000 0.5000000000 -0.1000000015 -0.0000000017 0.0000000000 0.0000000000
6.0000000000 -0.5000000000 -0.0500000007 -0.0000000017 0.0000000000 0.0000000017
6.0000000000 -0.4499999881 -0.0500000007 0.0446595103 -0.0000172802 -0.0000204470
6.0000000000 -0.4000000060 -0.0500000007 0.0824014023 -0.0000431132 -0.0000151388
6.0000000000 -0.3499999940 -0.0500000007 0.1138634458 -0.0000595199 -0.0000022162
6.0000000000 -0.3000000119 -0.0500000007 0.1396851093 -0.0000617552 0.0000098763
6.0000000000 -0.2500000000 -0.0500000007 0.1604665816 -0.0000529270 0.0000158992
6.0000000000 -0.2000000030 -0.0500000007 0.1767375618 -0.0000385737 0.0000156366
6.0000000000 -0.1500000060 -0.0500000007 0.1889381558 -0.0000242245 0.0000110443
6.0000000000 -0.1000000015 -0.0500000007 0.1974107027 -0.0000129280 0.0000051116
6.0000000000 -0.0500000007 -0.0500000007 0.2023980767 -0.0000052325 0.0000002964
6.0000000000 0.0000000000 -0.0500000007 0.2040445507 0.0000000068 -0.0000014853
6.0000000000 0.0500000007 -0.0500000007 0.2023980767 0.0000052700 0.0000002930
6.0000000000 0.1000000015 -0.0500000007 0.1974107623 0.0000129127 0.0000050690
6.0000000000 0.1500000060 -0.0500000007 0.1889382005 0.0000242688 0.0000110119
6.0000000000 0.2000000030 -0.0500000007 0.1767376661 0.0000385891 0.0000156366
6.0000000000 0.2500000000 -0.0500000007 0.1604666412 0.0000528725 0.0000158873
6.0000000000 0.3000000119 -0.0500000007 0.1396851987 0.0000617824 0.0000098917
6.0000000000 0.3499999940 -0.0500000007 0.1138635501 0.0000595471 -0.0000021566
6.0000000000 0.4000000060 -0.0500000007 0.0824014917 0.0000431081 -0.0000151336
6.0000000000 0.4499999881 -0.0500000007 0.0446595699 0.0000173398 -0.0000204726
6.0000000000 0.5000000000 -0.0500000007 0.0000000034 0.0000000000 -0.0000000034
6.0000000000 -0.5000000000 0.0000000000 0.0000000119 0.0000000017 0.0000000017
6.0000000000 -0.4499999881 0.0000000000 0.0449437946 -0.0000182495 0.0000041020
6.0000000000 -0.4000000060 0.0000000000 0.0829591155 -0.0000461284 0.0000060541
6.0000000000 -0.3499999940 0.0000000000 0.1146741062 -0.0000645741 0.0000067354
6.0000000000 -0.3000000119 0.0000000000 0.1407211125 -0.0000681736 0.0000067438
6.0000000000 -0.2500000000 0.0000000000 0.1616955996 -0.0000596553 0.0000064830
6.0000000000 -0.2000000030 0.0000000000 0.1781245321 -0.0000447875 0.0000061729
6.0000000000 -0.1500000060 0.0000000000 0.1904474795 -0.0000292151 0.0000058969
6.0000000000 -0.1000000015 0.0000000000 0.1990068555 -0.0000163533 0.0000057469
6.0000000000 -0.0500000007 0.0000000000 0.2040459216 -0.0000070311 0.0000056225
6.0000000000 0.0000000000 0.0000000000 0.2057095617 0.0000000051 0.0000055748
6.0000000000 0.0500000007 0.0000000000 0.2040459365 0.0000070107 0.0000055987
6.0000000000 0.1000000015 0.0000000000 0.1990069151 0.0000163363 0.0000057401
6.0000000000 0.1500000060 0.0000000000 0.1904475391 0.0000292254 0.0000059020
6.0000000000 0.2000000030 0.0000000000 0.1781245917 0.0000447841 0.0000061780
6.0000000000 0.2500000000 0.0000000000 0.1616956443 0.0000596451 0.0000065052
6.0000000000 0.3000000119 0.0000000000 0.1407212019 0.0000681822 0.0000067830
6.0000000000 0.3499999940 0.0000000000 0.1146742478 0.0000645928 0.0000067371
6.0000000000 0.4000000060 0.0000000000 0.0829592124 0.0000460807 0.0000060627
6.0000000000 0.4499999881 0.0000000000 0.0449438691 0.0000182427 0.0000040679
6.0000000000 0.5000000000 0.0000000000 -0.0000000034 0.0000000000 -0.0000000085
6.0000000000 -0.5000000000 0.0500000007 0.0000000000 0.0000000000 0.0000000000
6.0000000000 -0.4499999881 0.0500000007 0.0446610376 -0.0000172121 0.0000284484
6.0000000000 -0.4000000060 0.0500000007 0.0824038014 -0.0000429940 0.0000270341
6.0000000000 -0.3499999940 0.0500000007 0.1138662919 -0.0000593803 0.0000154400
6.0000000000 -0.3000000119 0.0500000007 0.1396881044 -0.0000615610 0.0000033608
6.0000000000 -0.2500000000 0.0500000007 0.1604696661 -0.0000526239 -0.0000031172
6.0000000000 -0.2000000030 0.0500000007 0.1767405421 -0.0000383915 -0.0000034118
6.0000000000 -0.1500000060 0.0500000007 0.1889410615 -0.0000240780 0.0000006728
6.0000000000 -0.1000000015 0.0500000007 0.1974135786 -0.0000128088 0.0000062306
6.0000000000 -0.0500000007 0.0500000007 0.2024008781 -0.0000052495 0.0000107682
6.0000000000 0.0000000000 0.0500000007 0.2040473819 -0.0000000085 0.0000125310
6.0000000000 0.0500000007 0.0500000007 0.2024008930 0.0000052478 0.0000108073
6.0000000000 0.1000000015 0.0500000007 0.1974136680 0.0000127951 0.0000062630
6.0000000000 0.1500000060 0.0500000007 0.1889410913 0.0000240831 0.0000006711
6.0000000000 0.2000000030 0.0500000007 0.1767405570 0.0000384239 -0.0000034322
6.0000000000 0.2500000000 0.0500000007 0.1604696363 0.0000526647 -0.0000030899
6.0000000000 0.3000000119 0.0500000007 0.1396881342 0.0000615253 0.0000033932
6.0000000000 0.3499999940 0.0500000007 0.1138663813 0.0000593309 0.0000154178
6.0000000000 0.4000000060 0.0500000007 0.0824038759 0.0000429480 0.0000269949
6.0000000000 0.4499999881 0.0500000007 0.0446611270 0.0000172104 0.0000283972
6.0000000000 0.5000000000 0.0500000007 -0.0000000051 0.0000000000 -0.0000000034
6.0000000000 -0.5000000000 0.1000000015 0.0000000000 0.0000000000 0.0000000034
6.0000000000 -0.4499999881 0.1000000015 0.0437999889 -0.0000143110 0.0000491763
6.0000000000 -0.4000000060 0.1000000015 0.0807141736 -0.0000340472 0.0000433448
6.0000000000 -0.3499999940 0.1000000015 0.1114100590 -0.0000444904 0.0000201806
6.0000000000 -0.3000000119 0.1000000015 0.1365497261 -0.0000429871 -0.0000021991
6.0000000000 -0.2500000000 0.1000000015 0.1567478329 -0.0000332634 -0.0000130052
6.0000000000 -0.2000000030 0.1000000015 0.1725413948 -0.0000208796 -0.0000120171
6.0000000000 -0.1500000060 0.1000000015 0.1843727082 -0.0000101773 -0.0000027713
6.0000000000 -0.1000000015 0.1000000015 0.1925836354 -0.0000034492 0.0000089475
6.0000000000 -0.0500000007 0.1000000015 0.1974150538 -0.0000005638 0.0000181605
6.0000000000 0.0000000000 0.1000000015 0.1990097314 0.0000000136 0.0000215858
6.0000000000 0.0500000007 0.1000000015 0.1974150836 0.0000006166 0.0000181707
6.0000000000 0.1000000015 0.1000000015 0.1925837398 0.0000034100 0.0000089509
6.0000000000 0.1500000060 0.1000000015 0.1843728125 0.0000101790 -0.0000027645
6.0000000000 0.2000000030 0.1000000015 0.1725414097 0.0000208285 -0.0000120137
6.0000000000 0.2500000000 0.1000000015 0.1567478329 0.0000332907 -0.0000129797
6.0000000000 0.3000000119 0.1000000015 0.1365498155 0.0000429752 -0.0000022229
6.0000000000 0.3499999940 0.1000000015 0.1114101112 0.0000445125 0.0000201891
6.0000000000 0.4000000060 0.1000000015 0.0807142258 0.0000339978 0.0000433482
6.0000000000 0.4499999881 0.1000000015 0.0438000336 0.0000142855 0.0000492053
6.0000000000 0.5000000000 0.1000000015 0.0000000085 -0.0000000034 0.0000000051
6.0000000000 -0.5000000000 0.1500000060 0.0000000068 0.0000000017 0.0000000068
6.0000000000 -0.4499999881 0.1500000060 0.0423260480 -0.0000098921 0.0000632519
6.0000000000 -0.4000000060 0.1500000060 0.0778242201 -0.0000204160 0.0000511668
6.0000000000 -0.3499999940 0.1500000060 0.1072136685 -0.0000222724 0.0000181483
6.0000000000 -0.3000000119 0.1500000060 0.1311945319 -0.0000159370 -0.0000111471
6.0000000000 -0.2500000000 0.1500000060 0.1504050344 -0.0000060163 -0.0000228831
6.0000000000 -0.2000000030 0.1500000060 0.1653927118 0.0000028940 -0.0000181100
6.0000000000 -0.1500000060 0.1500000060 0.1766026914 0.0000080023 -0.0000026742
6.0000000000 -0.1000000015 0.1500000060 0.1843741685 0.0000084706 0.0000152839
6.0000000000 -0.0500000007 0.1500000060 0.1889438629 0.0000052445 0.0000290262
6.0000000000 0.0000000000 0.1500000060 0.1904516965 -0.0000000307 0.0000340730
6.0000000000 0.0500000007 0.1500000060 0.1889438778 -0.0000052087 0.0000290279
6.0000000000 0.1000000015 0.1500000060 0.1843741834 -0.0000084962 0.0000153180
6.0000000000 0.1500000060 0.1500000060 0.1766027212 -0.0000080074 -0.0000026555
6.0000000000 0.2000000030 0.1500000060 0.1653926522 -0.0000029127 -0.0000180896
6.0000000000 0.2500000000 0.1500000060 0.1504049897 0.0000060419 -0.0000228456
6.0000000000 0.3000000119 0.1500000060 0.1311945319 0.0000159626 -0.0000111692
6.0000000000 0.3499999940 0.1500000060 0.1072137058 0.0000222741 0.0000181296
6.0000000000 0.4000000060 0.1500000060 0.0778243244 0.0000204177 0.0000511685
6.0000000000 0.4499999881 0.1500000060 0.0423261300 0.0000098597 0.0000632553
6.0000000000 0.5000000000 0.1500000060 0.0000000017 0.0000000000 0.0000000000
6.0000000000 -0.5000000000 0.2000000030 0.0000000000 0.0000000000 0.0000000000
6.0000000000 -0.4499999881 0.2000000030 0.0401771851 -0.0000042689 0.0000680636
6.0000000000 -0.4000000060 0.2000000030 0.0736166686 -0.0000038685 0.0000479894
6.0000000000 -0.3499999940 0.2000000030 0.1011151373 0.0000035908 0.0000083093
6.0000000000 -0.3000000119 0.2000000030 0.1234279871 0.0000138026 -0.0000229856
6.0000000000 -0.2500000000 0.2000000030 0.1412244886 0.0000219633 -0.0000313830
6.0000000000 -0.2000000030 0.2000000030 0.1550651789 0.0000253545 -0.0000203109
6.0000000000 -0.1500000060 0.2000000030 0.1653939486 0.0000237226 0.0000018975
6.0000000000 -0.1000000015 0.2000000030 0.1725439131 0.0000180060 0.0000254394
6.0000000000 -0.0500000007 0.2000000030 0.1767445505 0.0000096085 0.0000427640
6.0000000000 0.0000000000 0.2000000030 0.1781300008 -0.0000000102 0.0000490834
6.0000000000 0.0500000007 0.2000000030 0.1767445952 -0.0000095932 0.0000427964
6.0000000000 0.1000000015 0.2000000030 0.1725439578 -0.0000180282 0.0000254241
6.0000000000 0.1500000060 0.2000000030 0.1653939635 -0.0000237277 0.0000019009
6.0000000000 0.2000000030 0.2000000030 0.1550652087 -0.0000253869 -0.0000203177
6.0000000000 0.2500000000 0.2000000030 0.1412245035 -0.0000219906 -0.0000314273
6.0000000000 0.3000000119 0.2000000030 0.1234279871 -0.0000138605 -0.0000229635
6.0000000000 0.3499999940 0.2000000030 0.1011151224 -0.0000035942 0.0000082957
6.0000000000 0.4000000060 0.2000000030 0.0736167431 0.0000039196 0.0000479673
6.0000000000 0.4499999881 0.2000000030 0.0401772261 0.0000042825 0.0000680295
6.0000000000 0.5000000000 0.2000000030 -0.0000000034 0.0000000000 0.0000000034
6.0000000000 -0.5000000000 0.2500000000 -0.0000000017 0.0000000000 0.0000000017
6.0000000000 -0.4499999881 0.2500000000 0.0372563787 0.0000023116 0.0000627019
6.0000000000 -0.4000000060 0.2500000000 0.0679088905 0.0000131896 0.0000340752
6.0000000000 -0.3499999940 0.2500000000 0.0928668901 0.0000271250 -0.0000079890
6.0000000000 -0.3000000119 0.2500000000 0.1129573584 0.0000374916 -0.0000350217
6.0000000000 -0.2500000000 0.2500000000 0.1288878769 0.0000405473 -0.0000359976
6.0000000000 -0.2000000030 0.2500000000 0.1412256062 0.0000367009 -0.0000176947
6.0000000000 -0.1500000060 0.2500000000 0.1504072845 0.0000287478 0.0000101487
6.0000000000 -0.1000000015 0.2500000000 0.1567514688 0.0000192243 0.0000371165
6.0000000000 -0.0500000007 0.2500000000 0.1604747325 0.0000095627 0.0000563628
6.0000000000 0.0000000000 0.2500000000 0.1617022008 0.0000000170 0.0000632189
6.0000000000 0.0500000007 0.2500000000 0.1604747474 -0.0000095644 0.0000563628
6.0000000000 0.1000000015 0.2500000000 0.1567515135 -0.0000193469 0.0000371267
6.0000000000 0.1500000060 0.2500000000 0.1504072845 -0.0000288075 0.0000101674
6.0000000000 0.2000000030 0.2500000000 0.1412255913 -0.0000367282 -0.0000177134
6.0000000000 0.2500000000 0.2500000000 0.1288878769 -0.0000404945 -0.0000360146
6.0000000000 0.3000000119 0.2500000000 0.1129574105 -0.0000374695 -0.0000350456
6.0000000000 0.3499999940 0.2500000000 0.0928669199 -0.0000271029 -0.0000079566
6.0000000000 0.4000000060 0.2500000000 0.0679088980 -0.0000131521 0.0000341451
6.0000000000 0.4499999881 0.2500000000 0.0372563936 -0.0000023167 0.0000627632
6.0000000000 0.5000000000 0.2500000000 -0.0000000017 0.0000000000 -0.0000000017
6.0000000000 -0.5000000000 0.3000000119 -0.0000000034 0.0000000000 0.0000000017
6.0000000000 -0.4499999881 0.3000000119 0.0334157422 0.0000077386 0.0000480871
6.0000000000 -0.4000000060 0.3000000119 0.0604310594 0.0000265184 0.0000126136
6.0000000000 -0.3499999940 0.3000000119 0.0821076855 0.0000420787 -0.0000253600
6.0000000000 -0.3000000119 0.3000000119 0.0993722826 0.0000460510 -0.0000424041
6.0000000000 -0.2500000000 0.3000000119 0.1129582524 0.0000396890 -0.0000339622
6.0000000000 -0.2000000030 0.3000000119 0.1234298199 0.0000285319 -0.0000104776
6.0000000000 -0.1500000060 0.3000000119 0.1311976761 0.0000172929 0.0000191360
6.0000000000 -0.1000000015 0.3000000119 0.1365541220 0.0000086976 0.0000459783
6.0000000000 -0.0500000007 0.3000000119 0.1396939903 0.0000033813 0.0000644348
6.0000000000 0.0000000000 0.3000000119 0.1407284290 0.0000000102 0.0000709163
6.0000000000 0.0500000007 0.3000000119 0.1396939009 -0.0000033676 0.0000644024
6.0000000000 0.1000000015 0.3000000119 0.1365541667 -0.0000087623 0.0000459783
6.0000000000 0.1500000060 0.3000000119 0.1311976016 -0.0000173798 0.0000191667
6.0000000000 0.2000000030 0.3000000119 0.1234297976 -0.0000285506 -0.0000104452
6.0000000000 0.2500000000 0.3000000119 0.1129581630 -0.0000396839 -0.0000339401
6.0000000000 0.3000000119 0.3000000119 0.0993721932 -0.0000460238 -0.0000424024
6.0000000000 0.3499999940 0.3000000119 0.0821076706 -0.0000420276 -0.0000253293
6.0000000000 0.4000000060 0.3000000119 0.0604311079 -0.0000264758 0.0000126937
6.0000000000 0.4499999881 0.3000000119 0.0334157310 -0.0000077300 0.0000481672
6.0000000000 0.5000000000 0.3000000119 0.0000000000 0.0000000000 -0.0000000034
6.0000000000 -0.5000000000 0.3499999940 0.0000000051 0.0000000000 0.0000000034
6.0000000000 -0.4499999881 0.3499999940 0.0284318440 0.0000109458 0.0000260698
6.0000000000 -0.4000000060 0.3499999940 0.0507718287 0.0000300114 -0.0000105386
6.0000000000 -0.3499999940 0.3499999940 0.0683286339 0.0000372884 -0.0000348764
6.0000000000 -0.3000000119 0.3499999940 0.0821081847 0.0000288911 -0.0000395492
6.0000000000 -0.2500000000 0.3499999940 0.0928680971 0.0000125592 -0.0000246244
6.0000000000 -0.2000000030 0.3499999940 0.1011173874 -0.0000028413 -0.0000012503
6.0000000000 -0.1500000060 0.3499999940 0.1072171256 -0.0000120313 0.0000243625
6.0000000000 -0.1000000015 0.3499999940 0.1114147380 -0.0000136871 0.0000465516
6.0000000000 -0.0500000007 0.3499999940 0.1138722822 -0.0000086654 0.0000612916
6.0000000000 0.0000000000 0.3499999940 0.1146815568 0.0000000170 0.0000663969
6.0000000000 0.0500000007 0.3499999940 0.1138722599 0.0000086433 0.0000612729
6.0000000000 0.1000000015 0.3499999940 0.1114147082 0.0000135986 0.0000465414
6.0000000000 0.1500000060 0.3499999940 0.1072170958 0.0000119922 0.0000243983
6.0000000000 0.2000000030 0.3499999940 0.1011173353 0.0000027987 -0.0000012265
6.0000000000 0.2500000000 0.3499999940 0.0928680673 -0.0000125677 -0.0000246125
6.0000000000 0.3000000119 0.3499999940 0.0821081772 -0.0000288724 -0.0000395032
6.0000000000 0.3499999940 0.3499999940 0.0683286414 -0.0000372697 -0.0000348815
6.0000000000 0.4000000060 0.3499999940 0.0507718585 -0.0000300080 -0.0000105829
6.0000000000 0.4499999881 0.3499999940 0.0284318812 -0.0000109900 0.0000260545
6.0000000000 0.5000000000 0.3499999940 0.0000000000 0.0000000000 -0.0000000017
6.0000000000 -0.5000000000 0.4000000060 -0.0000000034 0.0000000000 -0.0000000034
6.0000000000 -0.4499999881 0.4000000060 0.0219164994 0.0000137285 0.0000041969
6.0000000000 -0.4000000060 0.4000000060 0.0383211449 0.0000237799 -0.0000226762
6.0000000000 -0.3499999940 0.4000000060 0.0507720932 0.0000126236 -0.0000287066
6.0000000000 -0.3000000119 0.4000000060 0.0604317114 -0.0000095509 -0.0000251370
6.0000000000 -0.2500000000 0.4000000060 0.0679101571 -0.0000301165 -0.0000118269
6.0000000000 -0.2000000030 0.4000000060 0.0736188591 -0.0000431312 0.0000051529
6.0000000000 -0.1500000060 0.4000000060 0.0778273568 -0.0000457243 0.0000216186
6.0000000000 -0.1000000015 0.4000000060 0.0807183534 -0.0000375070 0.0000351239
6.0000000000 -0.0500000007 0.4000000060 0.0824091509 -0.0000209391 0.0000440178
6.0000000000 0.0000000000 0.4000000060 0.0829656571 -0.0000000136 0.0000470501
6.0000000000 0.0500000007 0.4000000060 0.0824090689 0.0000209340 0.0000439736
6.0000000000 0.1000000015 0.4000000060 0.0807183236 0.0000375036 0.0000350898
6.0000000000 0.1500000060 0.4000000060 0.0778273270 0.0000456715 0.0000215760
6.0000000000 0.2000000030 0.4000000060 0.0736188143 0.0000431023 0.0000051103
6.0000000000 0.2500000000 0.4000000060 0.0679101571 0.0000300978 -0.0000118217
6.0000000000 0.3000000119 0.4000000060 0.0604317002 0.0000095203 -0.0000251251
6.0000000000 0.3499999940 0.4000000060 0.0507720523 -0.0000126474 -0.0000287424
6.0000000000 0.4000000060 0.4000000060 0.0383211151 -0.0000237237 -0.0000226983
6.0000000000 0.4499999881 0.4000000060 0.0219165273 -0.0000136962 0.0000041169
6.0000000000 0.5000000000 0.4000000060 0.0000000017 0.0000000000 0.0000000034
6.0000000000 -0.5000000000 0.4499999881 0.0000000017 -0.0000000017 -0.0000000017
6.0000000000 -0.4499999881 0.4499999881 0.0132396016 0.0000038970 -0.0000037471
6.0000000000 -0.4000000060 0.4499999881 0.0219165813 -0.0000035769 -0.0000133981
6.0000000000 -0.3499999940 0.4499999881 0.0284320191 -0.0000248349 -0.0000105778
6.0000000000 -0.3000000119 0.4499999881 0.0334161669 -0.0000461282 -0.0000073706
6.0000000000 -0.2500000000 0.4499999881 0.0372571386 -0.0000600548 -0.0000019709
6.0000000000 -0.2000000030 0.4499999881 0.0401785523 -0.0000648424 0.0000046607
6.0000000000 -0.1500000060 0.4499999881 0.0423280895 -0.0000596542 0.0000102839
6.0000000000 -0.1000000015 0.4499999881 0.0438026711 -0.0000453044 0.0000146517
6.0000000000 -0.0500000007 0.4499999881 0.0446644425 -0.0000243481 0.0000175716
6.0000000000 0.0000000000 0.4499999881 0.0449480005 -0.0000000187 0.0000185409
6.0000000000 0.0500000007 0.4499999881 0.0446643941 0.0000243191 0.0000175256
6.0000000000 0.1000000015 0.4499999881 0.0438026786 0.0000452754 0.0000145870
6.0000000000 0.1500000060 0.4499999881 0.0423281044 0.0000596133 0.0000101800
6.0000000000 0.2000000030 0.4499999881 0.0401785299 0.0000648679 0.0000046215
6.0000000000 0.2500000000 0.4499999881 0.0372571871 0.0000600888 -0.0000019709
6.0000000000 0.3000000119 0.4499999881 0.0334161669 0.0000461094 -0.0000073791
6.0000000000 0.3499999940 0.4499999881 0.0284320079 0.0000248230 -0.0000105659
6.0000000000 0.4000000060 0.4499999881 0.0219165459 0.0000035940 -0.0000133930
6.0000000000 0.4499999881 0.4499999881 0.0132395877 -0.0000039396 -0.0000037812
6.0000000000 0.5000000000 0.4499999881 0.0000000068 0.0000000000 -0.0000000034
6.0000000000 -0.5000000000 0.5000000000 0.0000000000 -0.0000000017 0.0000000017
6.0000000000 -0.4499999881 0.5000000000 0.0000000000 -0.0000000017 -0.0000000017
6.0000000000 -0.4000000060 0.5000000000 -0.0000000068 0.0000000068 0.0000000000
6.0000000000 -0.3499999940 0.5000000000 -0.0000000034 -0.0000000017 0.0000000000
6.0000000000 -0.3000000119 0.5000000000 -0.0000000034 0.0000000017 -0.0000000017
6.0000000000 -0.2500000000 0.5000000000 0.0000000068 -0.0000000068 -0.0000000017
6.0000000000 -0.2000000030 0.5000000000 0.0000000000 0.0000000051 0.0000000000
6.0000000000 -0.1500000060 0.5000000000 -0.0000000102 0.0000000034 -0.0000000017
6.0000000000 -0.1000000015 0.5000000000 0.0000000000 -0.0000000068 -0.0000000051
6.0000000000 -0.0500000007 0.5000000000 -0.0000000034 0.0000000034 0.0000000017
6.0000000000 0.0000000000 0.5000000000 0.0000000068 0.0000000068 -0.0000000017
6.0000000000 0.0500000007 0.5000000000 0.0000000102 0.0000000000 0.0000000000
6.0000000000 0.1000000015 0.5000000000 -0.0000000034 -0.0000000051 0.0000000017
6.0000000000 0.1500000060 0.5000000000 0.0000000000 0.0000000034 0.0000000017
6.0000000000 0.2000000030 0.5000000000 0.0000000000 0.0000000000 0.0000000000
6.0000000000 0.2500000000 0.5000000000 -0.0000000034 0.0000000034 0.0000000000
6.0000000000 0.3000000119 0.5000000000 0.0000000000 0.0000000034 0.0000000000
6.0000000000 0.3499999940 0.5000000000 -0.0000000034 -0.0000000017 0.0000000000
6.0000000000 0.4000000060 0.5000000000 0.0000000034 -0.0000000051 0.0000000000
6.0000000000 0.4499999881 0.5000000000 0.0000000000 0.0000000085 -0.0000000034
6.0000000000 0.5000000000 0.5000000000 0.0000000034 0.0000000000 0.0000000017
