Iter L2_norm L2_norm_weighted Drag Lift
0 1.1989e-01 1.1353e-04 0.000000 0.000000
1 2.2436e+00 2.1246e-03 0.000000 0.000000
2 2.2436e+00 2.1246e-03 0.000000 0.000000
3 2.2436e+00 2.1246e-03 0.000000 0.000000
4 2.2436e+00 2.1246e-03 0.000000 0.000000
5 2.2436e+00 2.1246e-03 0.000000 0.000000
6 2.2436e+00 2.1246e-03 0.000000 0.000000
7 2.2436e+00 2.1247e-03 0.000000 0.000000
8 2.2437e+00 2.1247e-03 0.000000 0.000000
9 2.2437e+00 2.1247e-03 0.000000 0.000000
10 2.2437e+00 2.1247e-03 0.000000 0.000000
11 2.2438e+00 2.1248e-03 0.000000 0.000000
12 2.2438e+00 2.1248e-03 0.000000 0.000000
13 2.2438e+00 2.1248e-03 0.000000 0.000000
14 2.2439e+00 2.1249e-03 0.000000 0.000000
15 2.2439e+00 2.1249e-03 0.000000 0.000000
16 2.2439e+00 2.1249e-03 0.000000 0.000000
17 2.2440e+00 2.1250e-03 0.000000 0.000000
18 2.2440e+00 2.1250e-03 0.000000 0.000000
19 2.2441e+00 2.1251e-03 0.000000 0.000000
20 2.2441e+00 2.1251e-03 0.000000 0.000000
21 2.2442e+00 2.1252e-03 0.000000 0.000000
22 2.2443e+00 2.1252e-03 0.000000 0.000000
23 2.2443e+00 2.1253e-03 0.000000 0.000000
24 2.2444e+00 2.1254e-03 0.000000 0.000000
25 2.2445e+00 2.1254e-03 0.000000 0.000000
26 2.2445e+00 2.1255e-03 0.000000 0.000000
27 2.2446e+00 2.1256e-03 0.000000 0.000000
28 2.2447e+00 2.1256e-03 0.000000 0.000000
29 2.2448e+00 2.1257e-03 0.000000 0.000000
30 2.2448e+00 2.1258e-03 0.000000 0.000000
31 2.2449e+00 2.1259e-03 0.000000 0.000000
32 2.2450e+00 2.1260e-03 0.000000 0.000000
33 2.2451e+00 2.1260e-03 0.000000 0.000000
34 2.2452e+00 2.1261e-03 0.000000 0.000000
35 2.2453e+00 2.1262e-03 0.000000 0.000000
36 2.2454e+00 2.1263e-03 0.000000 0.000000
37 2.2455e+00 2.1264e-03 0.000000 0.000000
38 2.2456e+00 2.1265e-03 0.000000 0.000000
39 2.2457e+00 2.1266e-03 0.000000 0.000000
40 2.2458e+00 2.1267e-03 0.000000 0.000000
41 2.2459e+00 2.1268e-03 0.000000 0.000000
42 2.2460e+00 2.1269e-03 0.000000 0.000000
43 2.2461e+00 2.1270e-03 0.000000 0.000000
44 2.2463e+00 2.1271e-03 0.000000 0.000000
45 2.2464e+00 2.1273e-03 0.000000 0.000000
46 2.2465e+00 2.1274e-03 0.000000 0.000000
47 2.2466e+00 2.1275e-03 0.000000 0.000000
48 2.2468e+00 2.1276e-03 0.000000 0.000000
49 2.2469e+00 2.1277e-03 0.000000 0.000000
50 2.2470e+00 2.1279e-03 0.000000 0.000000
51 2.2472e+00 2.1280e-03 0.000000 0.000000
52 2.2473e+00 2.1281e-03 0.000000 0.000000
53 2.2474e+00 2.1283e-03 0.000000 0.000000
54 2.2476e+00 2.1284e-03 0.000000 0.000000
55 2.2477e+00 2.1285e-03 0.000000 0.000000
56 2.2479e+00 2.1287e-03 0.000000 0.000000
57 2.2480e+00 2.1288e-03 0.000000 0.000000
58 2.2482e+00 2.1290e-03 0.000000 0.000000
59 2.2484e+00 2.1291e-03 0.000000 0.000000
60 2.2485e+00 2.1293e-03 0.000000 0.000000
61 2.2487e+00 2.1294e-03 0.000000 0.000000
62 2.2489e+00 2.1296e-03 0.000000 0.000000
63 2.2490e+00 2.1298e-03 0.000000 0.000000
64 2.2492e+00 2.1299e-03 0.000000 0.000000
65 2.2494e+00 2.1301e-03 0.000000 0.000000
66 2.2495e+00 2.1303e-03 0.000000 0.000000
67 2.2497e+00 2.1304e-03 0.000000 0.000000
68 2.2499e+00 2.1306e-03 0.000000 0.000000
69 2.2501e+00 2.1308e-03 0.000000 0.000000
70 2.2503e+00 2.1310e-03 0.000000 0.000000
71 2.2505e+00 2.1311e-03 0.000000 0.000000
72 2.2507e+00 2.1313e-03 0.000000 0.000000
73 2.2509e+00 2.1315e-03 0.000000 0.000000
74 2.2511e+00 2.1317e-03 0.000000 0.000000
75 2.2513e+00 2.1319e-03 0.000000 0.000000
76 2.2515e+00 2.1321e-03 0.000000 0.000000
77 2.2517e+00 2.1323e-03 0.000000 0.000000
78 2.2519e+00 2.1325e-03 0.000000 0.000000
79 2.2521e+00 2.1327e-03 0.000000 0.000000
80 2.2523e+00 2.1329e-03 0.000000 0.000000
81 2.2525e+00 2.1331e-03 0.000000 0.000000
82 2.2528e+00 2.1333e-03 0.000000 0.000000
83 2.2530e+00 2.1335e-03 0.000000 0.000000
84 2.2532e+00 2.1337e-03 0.000000 0.000000
85 2.2534e+00 2.1339e-03 0.000000 0.000000
86 2.2537e+00 2.1342e-03 0.000000 0.000000
87 2.2539e+00 2.1344e-03 0.000000 0.000000
88 2.2541e+00 2.1346e-03 0.000000 0.000000
89 2.2544e+00 2.1348e-03 0.000000 0.000000
90 2.2546e+00 2.1351e-03 0.000000 0.000000
91 2.2549e+00 2.1353e-03 0.000000 0.000000
92 2.2551e+00 2.1355e-03 0.000000 0.000000
93 2.2554e+00 2.1358e-03 0.000000 0.000000
94 2.2556e+00 2.1360e-03 0.000000 0.000000
95 2.2559e+00 2.1362e-03 0.000000 0.000000
96 2.2561e+00 2.1365e-03 0.000000 0.000000
97 2.2564e+00 2.1367e-03 0.000000 0.000000
98 2.2566e+00 2.1370e-03 0.000000 0.000000
99 2.2569e+00 2.1372e-03 0.000000 0.000000
100 2.2572e+00 2.1375e-03 0.000000 0.000000
101 2.2574e+00 2.1377e-03 0.000000 0.000000
102 2.2577e+00 2.1380e-03 0.000000 0.000000
103 2.2580e+00 2.1383e-03 0.000000 0.000000
104 2.2583e+00 2.1385e-03 0.000000 0.000000
105 2.2586e+00 2.1388e-03 0.000000 0.000000
106 2.2588e+00 2.1391e-03 0.000000 0.000000
107 2.2591e+00 2.1393e-03 0.000000 0.000000
108 2.2594e+00 2.1396e-03 0.000000 0.000000
109 2.2597e+00 2.1399e-03 0.000000 0.000000
110 2.2600e+00 2.1402e-03 0.000000 0.000000
111 2.2603e+00 2.1404e-03 0.000000 0.000000
112 2.2606e+00 2.1407e-03 0.000000 0.000000
113 2.2609e+00 2.1410e-03 0.000000 0.000000
114 2.2612e+00 2.1413e-03 0.000000 0.000000
115 2.2615e+00 2.1416e-03 0.000000 0.000000
116 2.2618e+00 2.1419e-03 0.000000 0.000000
117 2.2621e+00 2.1422e-03 0.000000 0.000000
118 2.2625e+00 2.1425e-03 0.000000 0.000000
119 2.2628e+00 2.1428e-03 0.000000 0.000000
120 2.2631e+00 2.1431e-03 0.000000 0.000000
121 2.2634e+00 2.1434e-03 0.000000 0.000000
122 2.2637e+00 2.1437e-03 0.000000 0.000000
123 2.2641e+00 2.1440e-03 0.000000 0.000000
124 2.2644e+00 2.1443e-03 0.000000 0.000000
125 2.2647e+00 2.1446e-03 0.000000 0.000000
126 2.2651e+00 2.1450e-03 0.000000 0.000000
127 2.2654e+00 2.1453e-03 0.000000 0.000000
128 2.2658e+00 2.1456e-03 0.000000 0.000000
129 2.2661e+00 2.1459e-03 0.000000 0.000000
130 2.2664e+00 2.1463e-03 0.000000 0.000000
131 2.2668e+00 2.1466e-03 0.000000 0.000000
132 2.2671e+00 2.1469e-03 0.000000 0.000000
133 2.2675e+00 2.1473e-03 0.000000 0.000000
134 2.2679e+00 2.1476e-03 0.000000 0.000000
135 2.2682e+00 2.1479e-03 0.000000 0.000000
136 2.2686e+00 2.1483e-03 0.000000 0.000000
137 2.2689e+00 2.1486e-03 0.000000 0.000000
138 2.2693e+00 2.1490e-03 0.000000 0.000000
139 2.2697e+00 2.1493e-03 0.000000 0.000000
140 2.2701e+00 2.1497e-03 0.000000 0.000000
141 2.2704e+00 2.1500e-03 0.000000 0.000000
142 2.2708e+00 2.1504e-03 0.000000 0.000000
143 2.2712e+00 2.1507e-03 0.000000 0.000000
144 2.2716e+00 2.1511e-03 0.000000 0.000000
145 2.2720e+00 2.1515e-03 0.000000 0.000000
146 2.2723e+00 2.1518e-03 0.000000 0.000000
147 2.2727e+00 2.1522e-03 0.000000 0.000000
148 2.2731e+00 2.1526e-03 0.000000 0.000000
149 2.2735e+00 2.1530e-03 0.000000 0.000000
150 2.2739e+00 2.1533e-03 0.000000 0.000000
151 2.2743e+00 2.1537e-03 0.000000 0.000000
152 2.2747e+00 2.1541e-03 0.000000 0.000000
153 2.2751e+00 2.1545e-03 0.000000 0.000000
154 2.2755e+00 2.1549e-03 0.000000 0.000000
155 2.2760e+00 2.1553e-03 0.000000 0.000000
156 2.2764e+00 2.1557e-03 0.000000 0.000000
157 2.2768e+00 2.1561e-03 0.000000 0.000000
158 2.2772e+00 2.1564e-03 0.000000 0.000000
159 2.2776e+00 2.1568e-03 0.000000 0.000000
160 2.2781e+00 2.1573e-03 0.000000 0.000000
161 2.2785e+00 2.1577e-03 0.000000 0.000000
162 2.2789e+00 2.1581e-03 0.000000 0.000000
163 2.2793e+00 2.1585e-03 0.000000 0.000000
164 2.2798e+00 2.1589e-03 0.000000 0.000000
165 2.2802e+00 2.1593e-03 0.000000 0.000000
166 2.2807e+00 2.1597e-03 0.000000 0.000000
167 2.2811e+00 2.1601e-03 0.000000 0.000000
168 2.2815e+00 2.1606e-03 0.000000 0.000000
169 2.2820e+00 2.1610e-03 0.000000 0.000000
170 2.2824e+00 2.1614e-03 0.000000 0.000000
171 2.2829e+00 2.1618e-03 0.000000 0.000000
172 2.2834e+00 2.1623e-03 0.000000 0.000000
173 2.2838e+00 2.1627e-03 0.000000 0.000000
174 2.2843e+00 2.1631e-03 0.000000 0.000000
175 2.2847e+00 2.1636e-03 0.000000 0.000000
176 2.2852e+00 2.1640e-03 0.000000 0.000000
177 2.2857e+00 2.1645e-03 0.000000 0.000000
178 2.2861e+00 2.1649e-03 0.000000 0.000000
179 2.2866e+00 2.1654e-03 0.000000 0.000000
180 2.2871e+00 2.1658e-03 0.000000 0.000000
181 2.2876e+00 2.1663e-03 0.000000 0.000000
182 2.2880e+00 2.1667e-03 0.000000 0.000000
183 2.2885e+00 2.1672e-03 0.000000 0.000000
184 2.2890e+00 2.1676e-03 0.000000 0.000000
185 2.2895e+00 2.1681e-03 0.000000 0.000000
186 2.2900e+00 2.1686e-03 0.000000 0.000000
187 2.2905e+00 2.1690e-03 0.000000 0.000000
188 2.2910e+00 2.1695e-03 0.000000 0.000000
189 2.2915e+00 2.1700e-03 0.000000 0.000000
190 2.2920e+00 2.1704e-03 0.000000 0.000000
191 2.2925e+00 2.1709e-03 0.000000 0.000000
192 2.2930e+00 2.1714e-03 0.000000 0.000000
193 2.2935e+00 2.1719e-03 0.000000 0.000000
194 2.2940e+00 2.1724e-03 0.000000 0.000000
195 2.2945e+00 2.1728e-03 0.000000 0.000000
196 2.2950e+00 2.1733e-03 0.000000 0.000000
197 2.2956e+00 2.1738e-03 0.000000 0.000000
198 2.2961e+00 2.1743e-03 0.000000 0.000000
199 2.2966e+00 2.1748e-03 0.000000 0.000000
200 2.2971e+00 2.1753e-03 0.000000 0.000000
201 2.2977e+00 2.1758e-03 0.000000 0.000000
202 2.2982e+00 2.1763e-03 0.000000 0.000000
203 2.2987e+00 2.1768e-03 0.000000 0.000000
204 2.2993e+00 2.1773e-03 0.000000 0.000000
205 2.2998e+00 2.1778e-03 0.000000 0.000000
206 2.3003e+00 2.1784e-03 0.000000 0.000000
207 2.3009e+00 2.1789e-03 0.000000 0.000000
208 2.3014e+00 2.1794e-03 0.000000 0.000000
209 2.3020e+00 2.1799e-03 0.000000 0.000000
210 2.3025e+00 2.1804e-03 0.000000 0.000000
211 2.3031e+00 2.1810e-03 0.000000 0.000000
212 2.3036e+00 2.1815e-03 0.000000 0.000000
213 2.3042e+00 2.1820e-03 0.000000 0.000000
214 2.3048e+00 2.1825e-03 0.000000 0.000000
215 2.3053e+00 2.1831e-03 0.000000 0.000000
216 2.3059e+00 2.1836e-03 0.000000 0.000000
217 2.3065e+00 2.1841e-03 0.000000 0.000000
218 2.3070e+00 2.1847e-03 0.000000 0.000000
219 2.3076e+00 2.1852e-03 0.000000 0.000000
220 2.3082e+00 2.1858e-03 0.000000 0.000000
221 2.3088e+00 2.1863e-03 0.000000 0.000000
222 2.3093e+00 2.1869e-03 0.000000 0.000000
223 2.3099e+00 2.1874e-03 0.000000 0.000000
224 2.3105e+00 2.1880e-03 0.000000 0.000000
225 2.3111e+00 2.1885e-03 0.000000 0.000000
226 2.3117e+00 2.1891e-03 0.000000 0.000000
227 2.3123e+00 2.1897e-03 0.000000 0.000000
228 2.3129e+00 2.1902e-03 0.000000 0.000000
229 2.3135e+00 2.1908e-03 0.000000 0.000000
230 2.3141e+00 2.1914e-03 0.000000 0.000000
231 2.3147e+00 2.1919e-03 0.000000 0.000000
232 2.3153e+00 2.1925e-03 0.000000 0.000000
233 2.3159e+00 2.1931e-03 0.000000 0.000000
234 2.3165e+00 2.1937e-03 0.000000 0.000000
235 2.3171e+00 2.1942e-03 0.000000 0.000000
236 2.3177e+00 2.1948e-03 0.000000 0.000000
237 2.3184e+00 2.1954e-03 0.000000 0.000000
238 2.3190e+00 2.1960e-03 0.000000 0.000000
239 2.3196e+00 2.1966e-03 0.000000 0.000000
240 2.3202e+00 2.1972e-03 0.000000 0.000000
241 2.3208e+00 2.1978e-03 0.000000 0.000000
242 2.3215e+00 2.1984e-03 0.000000 0.000000
243 2.3221e+00 2.1990e-03 0.000000 0.000000
244 2.3227e+00 2.1996e-03 0.000000 0.000000
245 2.3234e+00 2.2002e-03 0.000000 0.000000
246 2.3240e+00 2.2008e-03 0.000000 0.000000
247 2.3247e+00 2.2014e-03 0.000000 0.000000
248 2.3253e+00 2.2020e-03 0.000000 0.000000
249 2.3260e+00 2.2026e-03 0.000000 0.000000
250 2.3266e+00 2.2032e-03 0.000000 0.000000
251 2.3273e+00 2.2038e-03 0.000000 0.000000
252 2.3279e+00 2.2045e-03 0.000000 0.000000
253 2.3286e+00 2.2051e-03 0.000000 0.000000
254 2.3292e+00 2.2057e-03 0.000000 0.000000
255 2.3299e+00 2.2063e-03 0.000000 0.000000
256 2.3306e+00 2.2070e-03 0.000000 0.000000
257 2.3312e+00 2.2076e-03 0.000000 0.000000
258 2.3319e+00 2.2082e-03 0.000000 0.000000
259 2.3326e+00 2.2089e-03 0.000000 0.000000
260 2.3332e+00 2.2095e-03 0.000000 0.000000
261 2.3339e+00 2.2101e-03 0.000000 0.000000
262 2.3346e+00 2.2108e-03 0.000000 0.000000
263 2.3353e+00 2.2114e-03 0.000000 0.000000
264 2.3359e+00 2.2121e-03 0.000000 0.000000
265 2.3366e+00 2.2127e-03 0.000000 0.000000
266 2.3373e+00 2.2134e-03 0.000000 0.000000
267 2.3380e+00 2.2140e-03 0.000000 0.000000
268 2.3387e+00 2.2147e-03 0.000000 0.000000
269 2.3394e+00 2.2153e-03 0.000000 0.000000
270 2.3401e+00 2.2160e-03 0.000000 0.000000
271 2.3408e+00 2.2167e-03 0.000000 0.000000
272 2.3415e+00 2.2173e-03 0.000000 0.000000
273 2.3422e+00 2.2180e-03 0.000000 0.000000
274 2.3429e+00 2.2187e-03 0.000000 0.000000
275 2.3436e+00 2.2193e-03 0.000000 0.000000
276 2.3443e+00 2.2200e-03 0.000000 0.000000
277 2.3450e+00 2.2207e-03 0.000000 0.000000
278 2.3458e+00 2.2214e-03 0.000000 0.000000
279 2.3465e+00 2.2220e-03 0.000000 0.000000
280 2.3472e+00 2.2227e-03 0.000000 0.000000
281 2.3479e+00 2.2234e-03 0.000000 0.000000
282 2.3486e+00 2.2241e-03 0.000000 0.000000
283 2.3494e+00 2.2248e-03 0.000000 0.000000
284 2.3501e+00 2.2255e-03 0.000000 0.000000
285 2.3508e+00 2.2262e-03 0.000000 0.000000
286 2.3516e+00 2.2269e-03 0.000000 0.000000
287 2.3523e+00 2.2276e-03 0.000000 0.000000
288 2.3531e+00 2.2283e-03 0.000000 0.000000
289 2.3538e+00 2.2290e-03 0.000000 0.000000
290 2.3545e+00 2.2297e-03 0.000000 0.000000
291 2.3553e+00 2.2304e-03 0.000000 0.000000
292 2.3560e+00 2.2311e-03 0.000000 0.000000
293 2.3568e+00 2.2318e-03 0.000000 0.000000
294 2.3575e+00 2.2325e-03 0.000000 0.000000
295 2.3583e+00 2.2332e-03 0.000000 0.000000
296 2.3591e+00 2.2339e-03 0.000000 0.000000
297 2.3598e+00 2.2347e-03 0.000000 0.000000
298 2.3606e+00 2.2354e-03 0.000000 0.000000
299 2.3613e+00 2.2361e-03 0.000000 0.000000
300 2.3621e+00 2.2368e-03 0.000000 0.000000
301 2.3629e+00 2.2376e-03 0.000000 0.000000
302 2.3636e+00 2.2383e-03 0.000000 0.000000
303 2.3644e+00 2.2390e-03 0.000000 0.000000
304 2.3652e+00 2.2398e-03 0.000000 0.000000
305 2.3660e+00 2.2405e-03 0.000000 0.000000
306 2.3668e+00 2.2413e-03 0.000000 0.000000
307 2.3675e+00 2.2420e-03 0.000000 0.000000
308 2.3683e+00 2.2427e-03 0.000000 0.000000
309 2.3691e+00 2.2435e-03 0.000000 0.000000
310 2.3699e+00 2.2442e-03 0.000000 0.000000
311 2.3707e+00 2.2450e-03 0.000000 0.000000
312 2.3715e+00 2.2457e-03 0.000000 0.000000
313 2.3723e+00 2.2465e-03 0.000000 0.000000
314 2.3731e+00 2.2472e-03 0.000000 0.000000
315 2.3739e+00 2.2480e-03 0.000000 0.000000
316 2.3747e+00 2.2488e-03 0.000000 0.000000
317 2.3755e+00 2.2495e-03 0.000000 0.000000
318 2.3763e+00 2.2503e-03 0.000000 0.000000
319 2.3771e+00 2.2511e-03 0.000000 0.000000
320 2.3779e+00 2.2518e-03 0.000000 0.000000
321 2.3788e+00 2.2526e-03 0.000000 0.000000
322 2.3796e+00 2.2534e-03 0.000000 0.000000
323 2.3804e+00 2.2542e-03 0.000000 0.000000
324 2.3812e+00 2.2549e-03 0.000000 0.000000
325 2.3820e+00 2.2557e-03 0.000000 0.000000
326 2.3829e+00 2.2565e-03 0.000000 0.000000
327 2.3837e+00 2.2573e-03 0.000000 0.000000
328 2.3845e+00 2.2581e-03 0.000000 0.000000
329 2.3854e+00 2.2589e-03 0.000000 0.000000
330 2.3862e+00 2.2597e-03 0.000000 0.000000
331 2.3870e+00 2.2604e-03 0.000000 0.000000
332 2.3879e+00 2.2612e-03 0.000000 0.000000
333 2.3887e+00 2.2620e-03 0.000000 0.000000
334 2.3896e+00 2.2628e-03 0.000000 0.000000
335 2.3904e+00 2.2636e-03 0.000000 0.000000
336 2.3913e+00 2.2644e-03 0.000000 0.000000
337 2.3921e+00 2.2653e-03 0.000000 0.000000
338 2.3930e+00 2.2661e-03 0.000000 0.000000
339 2.3938e+00 2.2669e-03 0.000000 0.000000
340 2.3947e+00 2.2677e-03 0.000000 0.000000
341 2.3955e+00 2.2685e-03 0.000000 0.000000
342 2.3964e+00 2.2693e-03 0.000000 0.000000
343 2.3973e+00 2.2701e-03 0.000000 0.000000
344 2.3981e+00 2.2710e-03 0.000000 0.000000
345 2.3990e+00 2.2718e-03 0.000000 0.000000
346 2.3999e+00 2.2726e-03 0.000000 0.000000
347 2.4007e+00 2.2734e-03 0.000000 0.000000
348 2.4016e+00 2.2743e-03 0.000000 0.000000
349 2.4025e+00 2.2751e-03 0.000000 0.000000
350 2.4034e+00 2.2759e-03 0.000000 0.000000
351 2.4043e+00 2.2768e-03 0.000000 0.000000
352 2.4051e+00 2.2776e-03 0.000000 0.000000
353 2.4060e+00 2.2784e-03 0.000000 0.000000
354 2.4069e+00 2.2793e-03 0.000000 0.000000
355 2.4078e+00 2.2801e-03 0.000000 0.000000
356 2.4087e+00 2.2810e-03 0.000000 0.000000
357 2.4096e+00 2.2818e-03 0.000000 0.000000
358 2.4105e+00 2.2827e-03 0.000000 0.000000
359 2.4114e+00 2.2835e-03 0.000000 0.000000
360 2.4123e+00 2.2844e-03 0.000000 0.000000
361 2.4132e+00 2.2852e-03 0.000000 0.000000
362 2.4141e+00 2.2861e-03 0.000000 0.000000
363 2.4150e+00 2.2869e-03 0.000000 0.000000
364 2.4159e+00 2.2878e-03 0.000000 0.000000
365 2.4168e+00 2.2887e-03 0.000000 0.000000
366 2.4177e+00 2.2895e-03 0.000000 0.000000
367 2.4187e+00 2.2904e-03 0.000000 0.000000
368 2.4196e+00 2.2913e-03 0.000000 0.000000
369 2.4205e+00 2.2921e-03 0.000000 0.000000
370 2.4214e+00 2.2930e-03 0.000000 0.000000
371 2.4224e+00 2.2939e-03 0.000000 0.000000
372 2.4233e+00 2.2948e-03 0.000000 0.000000
373 2.4242e+00 2.2957e-03 0.000000 0.000000
374 2.4251e+00 2.2965e-03 0.000000 0.000000
375 2.4261e+00 2.2974e-03 0.000000 0.000000
376 2.4270e+00 2.2983e-03 0.000000 0.000000
377 2.4279e+00 2.2992e-03 0.000000 0.000000
378 2.4289e+00 2.3001e-03 0.000000 0.000000
379 2.4298e+00 2.3010e-03 0.000000 0.000000
380 2.4308e+00 2.3019e-03 0.000000 0.000000
381 2.4317e+00 2.3028e-03 0.000000 0.000000
382 2.4327e+00 2.3037e-03 0.000000 0.000000
383 2.4336e+00 2.3046e-03 0.000000 0.000000
384 2.4346e+00 2.3055e-03 0.000000 0.000000
385 2.4355e+00 2.3064e-03 0.000000 0.000000
386 2.4365e+00 2.3073e-03 0.000000 0.000000
387 2.4374e+00 2.3082e-03 0.000000 0.000000
388 2.4384e+00 2.3091e-03 0.000000 0.000000
389 2.4394e+00 2.3100e-03 0.000000 0.000000
390 2.4403e+00 2.3109e-03 0.000000 0.000000
391 2.4413e+00 2.3118e-03 0.000000 0.000000
392 2.4423e+00 2.3128e-03 0.000000 0.000000
393 2.4432e+00 2.3137e-03 0.000000 0.000000
394 2.4442e+00 2.3146e-03 0.000000 0.000000
395 2.4452e+00 2.3155e-03 0.000000 0.000000
396 2.4462e+00 2.3165e-03 0.000000 0.000000
397 2.4472e+00 2.3174e-03 0.000000 0.000000
398 2.4481e+00 2.3183e-03 0.000000 0.000000
399 2.4491e+00 2.3192e-03 0.000000 0.000000
400 2.4501e+00 2.3202e-03 0.000000 0.000000
401 2.4511e+00 2.3211e-03 0.000000 0.000000
402 2.4521e+00 2.3221e-03 0.000000 0.000000
403 2.4531e+00 2.3230e-03 0.000000 0.000000
404 2.4541e+00 2.3239e-03 0.000000 0.000000
405 2.4551e+00 2.3249e-03 0.000000 0.000000
406 2.4561e+00 2.3258e-03 0.000000 0.000000
407 2.4571e+00 2.3268e-03 0.000000 0.000000
408 2.4581e+00 2.3277e-03 0.000000 0.000000
409 2.4591e+00 2.3287e-03 0.000000 0.000000
410 2.4601e+00 2.3296e-03 0.000000 0.000000
411 2.4611e+00 2.3306e-03 0.000000 0.000000
412 2.4621e+00 2.3315e-03 0.000000 0.000000
413 2.4631e+00 2.3325e-03 0.000000 0.000000
414 2.4641e+00 2.3335e-03 0.000000 0.000000
415 2.4651e+00 2.3344e-03 0.000000 0.000000
416 2.4662e+00 2.3354e-03 0.000000 0.000000
417 2.4672e+00 2.3364e-03 0.000000 0.000000
418 2.4682e+00 2.3373e-03 0.000000 0.000000
419 2.4692e+00 2.3383e-03 0.000000 0.000000
420 2.4703e+00 2.3393e-03 0.000000 0.000000
421 2.4713e+00 2.3402e-03 0.000000 0.000000
422 2.4723e+00 2.3412e-03 0.000000 0.000000
423 2.4734e+00 2.3422e-03 0.000000 0.000000
424 2.4744e+00 2.3432e-03 0.000000 0.000000
425 2.4754e+00 2.3442e-03 0.000000 0.000000
426 2.4765e+00 2.3451e-03 0.000000 0.000000
427 2.4775e+00 2.3461e-03 0.000000 0.000000
428 2.4786e+00 2.3471e-03 0.000000 0.000000
429 2.4796e+00 2.3481e-03 0.000000 0.000000
430 2.4806e+00 2.3491e-03 0.000000 0.000000
431 2.4817e+00 2.3501e-03 0.000000 0.000000
432 2.4827e+00 2.3511e-03 0.000000 0.000000
433 2.4838e+00 2.3521e-03 0.000000 0.000000
434 2.4849e+00 2.3531e-03 0.000000 0.000000
435 2.4859e+00 2.3541e-03 0.000000 0.000000
436 2.4870e+00 2.3551e-03 0.000000 0.000000
437 2.4880e+00 2.3561e-03 0.000000 0.000000
438 2.4891e+00 2.3571e-03 0.000000 0.000000
439 2.4902e+00 2.3581e-03 0.000000 0.000000
440 2.4912e+00 2.3591e-03 0.000000 0.000000
441 2.4923e+00 2.3601e-03 0.000000 0.000000
442 2.4934e+00 2.3611e-03 0.000000 0.000000
443 2.4944e+00 2.3622e-03 0.000000 0.000000
444 2.4955e+00 2.3632e-03 0.000000 0.000000
445 2.4966e+00 2.3642e-03 0.000000 0.000000
446 2.4977e+00 2.3652e-03 0.000000 0.000000
447 2.4988e+00 2.3662e-03 0.000000 0.000000
448 2.4998e+00 2.3673e-03 0.000000 0.000000
449 2.5009e+00 2.3683e-03 0.000000 0.000000
450 2.5020e+00 2.3693e-03 0.000000 0.000000
451 2.5031e+00 2.3704e-03 0.000000 0.000000
452 2.5042e+00 2.3714e-03 0.000000 0.000000
453 2.5053e+00 2.3724e-03 0.000000 0.000000
454 2.5064e+00 2.3735e-03 0.000000 0.000000
455 2.5075e+00 2.3745e-03 0.000000 0.000000
456 2.5086e+00 2.3755e-03 0.000000 0.000000
457 2.5097e+00 2.3766e-03 0.000000 0.000000
458 2.5108e+00 2.3776e-03 0.000000 0.000000
459 2.5119e+00 2.3787e-03 0.000000 0.000000
460 2.5130e+00 2.3797e-03 0.000000 0.000000
461 2.5141e+00 2.3808e-03 0.000000 0.000000
462 2.5152e+00 2.3818e-03 0.000000 0.000000
463 2.5163e+00 2.3829e-03 0.000000 0.000000
464 2.5174e+00 2.3839e-03 0.000000 0.000000
465 2.5185e+00 2.3850e-03 0.000000 0.000000
466 2.5197e+00 2.3860e-03 0.000000 0.000000
467 2.5208e+00 2.3871e-03 0.000000 0.000000
468 2.5219e+00 2.3882e-03 0.000000 0.000000
469 2.5230e+00 2.3892e-03 0.000000 0.000000
470 2.5241e+00 2.3903e-03 0.000000 0.000000
471 2.5253e+00 2.3914e-03 0.000000 0.000000
472 2.5264e+00 2.3924e-03 0.000000 0.000000
473 2.5275e+00 2.3935e-03 0.000000 0.000000
474 2.5287e+00 2.3946e-03 0.000000 0.000000
475 2.5298e+00 2.3956e-03 0.000000 0.000000
476 2.5309e+00 2.3967e-03 0.000000 0.000000
477 2.5321e+00 2.3978e-03 0.000000 0.000000
478 2.5332e+00 2.3989e-03 0.000000 0.000000
479 2.5344e+00 2.4000e-03 0.000000 0.000000
480 2.5355e+00 2.4010e-03 0.000000 0.000000
481 2.5366e+00 2.4021e-03 0.000000 0.000000
482 2.5378e+00 2.4032e-03 0.000000 0.000000
483 2.5389e+00 2.4043e-03 0.000000 0.000000
484 2.5401e+00 2.4054e-03 0.000000 0.000000
485 2.5412e+00 2.4065e-03 0.000000 0.000000
486 2.5424e+00 2.4076e-03 0.000000 0.000000
487 2.5436e+00 2.4087e-03 0.000000 0.000000
488 2.5447e+00 2.4098e-03 0.000000 0.000000
489 2.5459e+00 2.4109e-03 0.000000 0.000000
490 2.5470e+00 2.4120e-03 0.000000 0.000000
491 2.5482e+00 2.4131e-03 0.000000 0.000000
492 2.5494e+00 2.4142e-03 0.000000 0.000000
493 2.5505e+00 2.4153e-03 0.000000 0.000000
494 2.5517e+00 2.4164e-03 0.000000 0.000000
495 2.5529e+00 2.4175e-03 0.000000 0.000000
496 2.5540e+00 2.4186e-03 0.000000 0.000000
497 2.5552e+00 2.4197e-03 0.000000 0.000000
498 2.5564e+00 2.4208e-03 0.000000 0.000000
499 2.5576e+00 2.4219e-03 0.000000 0.000000
500 2.5588e+00 2.4231e-03 0.000000 0.000000
501 2.5599e+00 2.4242e-03 0.000000 0.000000
502 2.5611e+00 2.4253e-03 0.000000 0.000000
503 2.5623e+00 2.4264e-03 0.000000 0.000000
504 2.5635e+00 2.4276e-03 0.000000 0.000000
505 2.5647e+00 2.4287e-03 0.000000 0.000000
506 2.5659e+00 2.4298e-03 0.000000 0.000000
507 2.5671e+00 2.4309e-03 0.000000 0.000000
508 2.5683e+00 2.4321e-03 0.000000 0.000000
509 2.5695e+00 2.4332e-03 0.000000 0.000000
510 2.5707e+00 2.4343e-03 0.000000 0.000000
511 2.5719e+00 2.4355e-03 0.000000 0.000000
512 2.5731e+00 2.4366e-03 0.000000 0.000000
513 2.5743e+00 2.4378e-03 0.000000 0.000000
514 2.5755e+00 2.4389e-03 0.000000 0.000000
515 2.5767e+00 2.4400e-03 0.000000 0.000000
516 2.5779e+00 2.4412e-03 0.000000 0.000000
517 2.5791e+00 2.4423e-03 0.000000 0.000000
518 2.5803e+00 2.4435e-03 0.000000 0.000000
519 2.5815e+00 2.4446e-03 0.000000 0.000000
520 2.5827e+00 2.4458e-03 0.000000 0.000000
521 2.5840e+00 2.4469e-03 0.000000 0.000000
522 2.5852e+00 2.4481e-03 0.000000 0.000000
523 2.5864e+00 2.4492e-03 0.000000 0.000000
524 2.5876e+00 2.4504e-03 0.000000 0.000000
525 2.5889e+00 2.4516e-03 0.000000 0.000000
526 2.5901e+00 2.4527e-03 0.000000 0.000000
527 2.5913e+00 2.4539e-03 0.000000 0.000000
528 2.5925e+00 2.4551e-03 0.000000 0.000000
529 2.5938e+00 2.4562e-03 0.000000 0.000000
530 2.5950e+00 2.4574e-03 0.000000 0.000000
531 2.5962e+00 2.4586e-03 0.000000 0.000000
532 2.5975e+00 2.4597e-03 0.000000 0.000000
533 2.5987e+00 2.4609e-03 0.000000 0.000000
534 2.6000e+00 2.4621e-03 0.000000 0.000000
535 2.6012e+00 2.4633e-03 0.000000 0.000000
536 2.6024e+00 2.4644e-03 0.000000 0.000000
537 2.6037e+00 2.4656e-03 0.000000 0.000000
538 2.6049e+00 2.4668e-03 0.000000 0.000000
539 2.6062e+00 2.4680e-03 0.000000 0.000000
540 2.6074e+00 2.4692e-03 0.000000 0.000000
541 2.6087e+00 2.4704e-03 0.000000 0.000000
542 2.6099e+00 2.4715e-03 0.000000 0.000000
543 2.6112e+00 2.4727e-03 0.000000 0.000000
544 2.6125e+00 2.4739e-03 0.000000 0.000000
545 2.6137e+00 2.4751e-03 0.000000 0.000000
546 2.6150e+00 2.4763e-03 0.000000 0.000000
547 2.6162e+00 2.4775e-03 0.000000 0.000000
548 2.6175e+00 2.4787e-03 0.000000 0.000000
549 2.6188e+00 2.4799e-03 0.000000 0.000000
550 2.6200e+00 2.4811e-03 0.000000 0.000000
551 2.6213e+00 2.4823e-03 0.000000 0.000000
552 2.6226e+00 2.4835e-03 0.000000 0.000000
553 2.6239e+00 2.4847e-03 0.000000 0.000000
554 2.6251e+00 2.4859e-03 0.000000 0.000000
555 2.6264e+00 2.4871e-03 0.000000 0.000000
556 2.6277e+00 2.4883e-03 0.000000 0.000000
557 2.6290e+00 2.4896e-03 0.000000 0.000000
558 2.6303e+00 2.4908e-03 0.000000 0.000000
559 2.6315e+00 2.4920e-03 0.000000 0.000000
560 2.6328e+00 2.4932e-03 0.000000 0.000000
561 2.6341e+00 2.4944e-03 0.000000 0.000000
562 2.6354e+00 2.4956e-03 0.000000 0.000000
563 2.6367e+00 2.4969e-03 0.000000 0.000000
564 2.6380e+00 2.4981e-03 0.000000 0.000000
565 2.6393e+00 2.4993e-03 0.000000 0.000000
566 2.6406e+00 2.5005e-03 0.000000 0.000000
567 2.6419e+00 2.5018e-03 0.000000 0.000000
568 2.6432e+00 2.5030e-03 0.000000 0.000000
569 2.6445e+00 2.5042e-03 0.000000 0.000000
570 2.6458e+00 2.5055e-03 0.000000 0.000000
571 2.6471e+00 2.5067e-03 0.000000 0.000000
572 2.6484e+00 2.5079e-03 0.000000 0.000000
573 2.6497e+00 2.5092e-03 0.000000 0.000000
574 2.6510e+00 2.5104e-03 0.000000 0.000000
575 2.6523e+00 2.5116e-03 0.000000 0.000000
576 2.6536e+00 2.5129e-03 0.000000 0.000000
577 2.6549e+00 2.5141e-03 0.000000 0.000000
578 2.6562e+00 2.5154e-03 0.000000 0.000000
579 2.6575e+00 2.5166e-03 0.000000 0.000000
580 2.6589e+00 2.5179e-03 0.000000 0.000000
581 2.6602e+00 2.5191e-03 0.000000 0.000000
582 2.6615e+00 2.5204e-03 0.000000 0.000000
583 2.6628e+00 2.5216e-03 0.000000 0.000000
584 2.6642e+00 2.5229e-03 0.000000 0.000000
585 2.6655e+00 2.5241e-03 0.000000 0.000000
586 2.6668e+00 2.5254e-03 0.000000 0.000000
587 2.6681e+00 2.5266e-03 0.000000 0.000000
588 2.6695e+00 2.5279e-03 0.000000 0.000000
589 2.6708e+00 2.5292e-03 0.000000 0.000000
590 2.6721e+00 2.5304e-03 0.000000 0.000000
591 2.6735e+00 2.5317e-03 0.000000 0.000000
592 2.6748e+00 2.5330e-03 0.000000 0.000000
593 2.6761e+00 2.5342e-03 0.000000 0.000000
594 2.6775e+00 2.5355e-03 0.000000 0.000000
595 2.6788e+00 2.5368e-03 0.000000 0.000000
596 2.6802e+00 2.5380e-03 0.000000 0.000000
597 2.6815e+00 2.5393e-03 0.000000 0.000000
598 2.6829e+00 2.5406e-03 0.000000 0.000000
599 2.6842e+00 2.5419e-03 0.000000 0.000000
600 2.6856e+00 2.5431e-03 0.000000 0.000000
601 2.6869e+00 2.5444e-03 0.000000 0.000000
602 2.6883e+00 2.5457e-03 0.000000 0.000000
603 2.6896e+00 2.5470e-03 0.000000 0.000000
604 2.6910e+00 2.5483e-03 0.000000 0.000000
605 2.6923e+00 2.5496e-03 0.000000 0.000000
606 2.6937e+00 2.5508e-03 0.000000 0.000000
607 2.6950e+00 2.5521e-03 0.000000 0.000000
608 2.6964e+00 2.5534e-03 0.000000 0.000000
609 2.6978e+00 2.5547e-03 0.000000 0.000000
610 2.6991e+00 2.5560e-03 0.000000 0.000000
611 2.7005e+00 2.5573e-03 0.000000 0.000000
612 2.7019e+00 2.5586e-03 0.000000 0.000000
613 2.7032e+00 2.5599e-03 0.000000 0.000000
614 2.7046e+00 2.5612e-03 0.000000 0.000000
615 2.7060e+00 2.5625e-03 0.000000 0.000000
616 2.7074e+00 2.5638e-03 0.000000 0.000000
617 2.7087e+00 2.5651e-03 0.000000 0.000000
618 2.7101e+00 2.5664e-03 0.000000 0.000000
619 2.7115e+00 2.5677e-03 0.000000 0.000000
620 2.7129e+00 2.5690e-03 0.000000 0.000000
621 2.7143e+00 2.5703e-03 0.000000 0.000000
622 2.7156e+00 2.5716e-03 0.000000 0.000000
623 2.7170e+00 2.5729e-03 0.000000 0.000000
624 2.7184e+00 2.5743e-03 0.000000 0.000000
625 2.7198e+00 2.5756e-03 0.000000 0.000000
626 2.7212e+00 2.5769e-03 0.000000 0.000000
627 2.7226e+00 2.5782e-03 0.000000 0.000000
628 2.7240e+00 2.5795e-03 0.000000 0.000000
629 2.7254e+00 2.5808e-03 0.000000 0.000000
630 2.7268e+00 2.5822e-03 0.000000 0.000000
631 2.7282e+00 2.5835e-03 0.000000 0.000000
632 2.7296e+00 2.5848e-03 0.000000 0.000000
633 2.7310e+00 2.5861e-03 0.000000 0.000000
634 2.7324e+00 2.5875e-03 0.000000 0.000000
635 2.7338e+00 2.5888e-03 0.000000 0.000000
636 2.7352e+00 2.5901e-03 0.000000 0.000000
637 2.7366e+00 2.5915e-03 0.000000 0.000000
638 2.7380e+00 2.5928e-03 0.000000 0.000000
639 2.7394e+00 2.5941e-03 0.000000 0.000000
640 2.7408e+00 2.5955e-03 0.000000 0.000000
641 2.7422e+00 2.5968e-03 0.000000 0.000000
642 2.7436e+00 2.5981e-03 0.000000 0.000000
643 2.7450e+00 2.5995e-03 0.000000 0.000000
644 2.7465e+00 2.6008e-03 0.000000 0.000000
645 2.7479e+00 2.6022e-03 0.000000 0.000000
646 2.7493e+00 2.6035e-03 0.000000 0.000000
647 2.7507e+00 2.6048e-03 0.000000 0.000000
648 2.7521e+00 2.6062e-03 0.000000 0.000000
649 2.7536e+00 2.6075e-03 0.000000 0.000000
650 2.7550e+00 2.6089e-03 0.000000 0.000000
651 2.7564e+00 2.6102e-03 0.000000 0.000000
652 2.7578e+00 2.6116e-03 0.000000 0.000000
653 2.7593e+00 2.6130e-03 0.000000 0.000000
654 2.7607e+00 2.6143e-03 0.000000 0.000000
655 2.7621e+00 2.6157e-03 0.000000 0.000000
656 2.7636e+00 2.6170e-03 0.000000 0.000000
657 2.7650e+00 2.6184e-03 0.000000 0.000000
658 2.7664e+00 2.6197e-03 0.000000 0.000000
659 2.7679e+00 2.6211e-03 0.000000 0.000000
660 2.7693e+00 2.6225e-03 0.000000 0.000000
661 2.7708e+00 2.6238e-03 0.000000 0.000000
662 2.7722e+00 2.6252e-03 0.000000 0.000000
663 2.7737e+00 2.6266e-03 0.000000 0.000000
664 2.7751e+00 2.6279e-03 0.000000 0.000000
665 2.7765e+00 2.6293e-03 0.000000 0.000000
666 2.7780e+00 2.6307e-03 0.000000 0.000000
667 2.7794e+00 2.6320e-03 0.000000 0.000000
668 2.7809e+00 2.6334e-03 0.000000 0.000000
669 2.7823e+00 2.6348e-03 0.000000 0.000000
670 2.7838e+00 2.6362e-03 0.000000 0.000000
671 2.7853e+00 2.6376e-03 0.000000 0.000000
672 2.7867e+00 2.6389e-03 0.000000 0.000000
673 2.7882e+00 2.6403e-03 0.000000 0.000000
674 2.7896e+00 2.6417e-03 0.000000 0.000000
675 2.7911e+00 2.6431e-03 0.000000 0.000000
676 2.7926e+00 2.6445e-03 0.000000 0.000000
677 2.7940e+00 2.6458e-03 0.000000 0.000000
678 2.7955e+00 2.6472e-03 0.000000 0.000000
679 2.7969e+00 2.6486e-03 0.000000 0.000000
680 2.7984e+00 2.6500e-03 0.000000 0.000000
681 2.7999e+00 2.6514e-03 0.000000 0.000000
682 2.8014e+00 2.6528e-03 0.000000 0.000000
683 2.8028e+00 2.6542e-03 0.000000 0.000000
684 2.8043e+00 2.6556e-03 0.000000 0.000000
685 2.8058e+00 2.6570e-03 0.000000 0.000000
686 2.8073e+00 2.6584e-03 0.000000 0.000000
687 2.8087e+00 2.6598e-03 0.000000 0.000000
688 2.8102e+00 2.6612e-03 0.000000 0.000000
689 2.8117e+00 2.6626e-03 0.000000 0.000000
690 2.8132e+00 2.6640e-03 0.000000 0.000000
691 2.8147e+00 2.6654e-03 0.000000 0.000000
692 2.8161e+00 2.6668e-03 0.000000 0.000000
693 2.8176e+00 2.6682e-03 0.000000 0.000000
694 2.8191e+00 2.6696e-03 0.000000 0.000000
695 2.8206e+00 2.6710e-03 0.000000 0.000000
696 2.8221e+00 2.6724e-03 0.000000 0.000000
697 2.8236e+00 2.6738e-03 0.000000 0.000000
698 2.8251e+00 2.6753e-03 0.000000 0.000000
699 2.8266e+00 2.6767e-03 0.000000 0.000000
700 2.8281e+00 2.6781e-03 0.000000 0.000000
701 2.8296e+00 2.6795e-03 0.000000 0.000000
702 2.8311e+00 2.6809e-03 0.000000 0.000000
703 2.8326e+00 2.6823e-03 0.000000 0.000000
704 2.8341e+00 2.6838e-03 0.000000 0.000000
705 2.8356e+00 2.6852e-03 0.000000 0.000000
706 2.8371e+00 2.6866e-03 0.000000 0.000000
707 2.8386e+00 2.6880e-03 0.000000 0.000000
708 2.8401e+00 2.6895e-03 0.000000 0.000000
709 2.8416e+00 2.6909e-03 0.000000 0.000000
710 2.8431e+00 2.6923e-03 0.000000 0.000000
711 2.8446e+00 2.6937e-03 0.000000 0.000000
712 2.8461e+00 2.6952e-03 0.000000 0.000000
713 2.8476e+00 2.6966e-03 0.000000 0.000000
714 2.8491e+00 2.6980e-03 0.000000 0.000000
715 2.8506e+00 2.6995e-03 0.000000 0.000000
716 2.8522e+00 2.7009e-03 0.000000 0.000000
717 2.8537e+00 2.7024e-03 0.000000 0.000000
718 2.8552e+00 2.7038e-03 0.000000 0.000000
719 2.8567e+00 2.7052e-03 0.000000 0.000000
720 2.8582e+00 2.7067e-03 0.000000 0.000000
721 2.8598e+00 2.7081e-03 0.000000 0.000000
722 2.8613e+00 2.7096e-03 0.000000 0.000000
723 2.8628e+00 2.7110e-03 0.000000 0.000000
724 2.8643e+00 2.7124e-03 0.000000 0.000000
725 2.8659e+00 2.7139e-03 0.000000 0.000000
726 2.8674e+00 2.7153e-03 0.000000 0.000000
727 2.8689e+00 2.7168e-03 0.000000 0.000000
728 2.8705e+00 2.7182e-03 0.000000 0.000000
729 2.8720e+00 2.7197e-03 0.000000 0.000000
730 2.8735e+00 2.7211e-03 0.000000 0.000000
731 2.8751e+00 2.7226e-03 0.000000 0.000000
732 2.8766e+00 2.7241e-03 0.000000 0.000000
733 2.8781e+00 2.7255e-03 0.000000 0.000000
734 2.8797e+00 2.7270e-03 0.000000 0.000000
735 2.8812e+00 2.7284e-03 0.000000 0.000000
736 2.8828e+00 2.7299e-03 0.000000 0.000000
737 2.8843e+00 2.7314e-03 0.000000 0.000000
738 2.8859e+00 2.7328e-03 0.000000 0.000000
739 2.8874e+00 2.7343e-03 0.000000 0.000000
740 2.8889e+00 2.7357e-03 0.000000 0.000000
741 2.8905e+00 2.7372e-03 0.000000 0.000000
742 2.8920e+00 2.7387e-03 0.000000 0.000000
743 2.8936e+00 2.7401e-03 0.000000 0.000000
744 2.8952e+00 2.7416e-03 0.000000 0.000000
745 2.8967e+00 2.7431e-03 0.000000 0.000000
746 2.8983e+00 2.7446e-03 0.000000 0.000000
747 2.8998e+00 2.7460e-03 0.000000 0.000000
748 2.9014e+00 2.7475e-03 0.000000 0.000000
749 2.9029e+00 2.7490e-03 0.000000 0.000000
750 2.9045e+00 2.7505e-03 0.000000 0.000000
751 2.9061e+00 2.7519e-03 0.000000 0.000000
752 2.9076e+00 2.7534e-03 0.000000 0.000000
753 2.9092e+00 2.7549e-03 0.000000 0.000000
754 2.9107e+00 2.7564e-03 0.000000 0.000000
755 2.9123e+00 2.7579e-03 0.000000 0.000000
756 2.9139e+00 2.7594e-03 0.000000 0.000000
757 2.9154e+00 2.7608e-03 0.000000 0.000000
758 2.9170e+00 2.7623e-03 0.000000 0.000000
759 2.9186e+00 2.7638e-03 0.000000 0.000000
760 2.9202e+00 2.7653e-03 0.000000 0.000000
761 2.9217e+00 2.7668e-03 0.000000 0.000000
762 2.9233e+00 2.7683e-03 0.000000 0.000000
763 2.9249e+00 2.7698e-03 0.000000 0.000000
764 2.9265e+00 2.7713e-03 0.000000 0.000000
765 2.9280e+00 2.7728e-03 0.000000 0.000000
766 2.9296e+00 2.7743e-03 0.000000 0.000000
767 2.9312e+00 2.7758e-03 0.000000 0.000000
768 2.9328e+00 2.7773e-03 0.000000 0.000000
769 2.9344e+00 2.7788e-03 0.000000 0.000000
770 2.9359e+00 2.7803e-03 0.000000 0.000000
771 2.9375e+00 2.7818e-03 0.000000 0.000000
772 2.9391e+00 2.7833e-03 0.000000 0.000000
773 2.9407e+00 2.7848e-03 0.000000 0.000000
774 2.9423e+00 2.7863e-03 0.000000 0.000000
775 2.9439e+00 2.7878e-03 0.000000 0.000000
776 2.9455e+00 2.7893e-03 0.000000 0.000000
777 2.9471e+00 2.7908e-03 0.000000 0.000000
778 2.9487e+00 2.7923e-03 0.000000 0.000000
779 2.9503e+00 2.7938e-03 0.000000 0.000000
780 2.9519e+00 2.7953e-03 0.000000 0.000000
781 2.9535e+00 2.7968e-03 0.000000 0.000000
782 2.9550e+00 2.7983e-03 0.000000 0.000000
783 2.9566e+00 2.7999e-03 0.000000 0.000000
784 2.9583e+00 2.8014e-03 0.000000 0.000000
785 2.9599e+00 2.8029e-03 0.000000 0.000000
786 2.9615e+00 2.8044e-03 0.000000 0.000000
787 2.9631e+00 2.8059e-03 0.000000 0.000000
788 2.9647e+00 2.8074e-03 0.000000 0.000000
789 2.9663e+00 2.8090e-03 0.000000 0.000000
790 2.9679e+00 2.8105e-03 0.000000 0.000000
791 2.9695e+00 2.8120e-03 0.000000 0.000000
792 2.9711e+00 2.8135e-03 0.000000 0.000000
793 2.9727e+00 2.8151e-03 0.000000 0.000000
794 2.9743e+00 2.8166e-03 0.000000 0.000000
795 2.9759e+00 2.8181e-03 0.000000 0.000000
796 2.9776e+00 2.8197e-03 0.000000 0.000000
797 2.9792e+00 2.8212e-03 0.000000 0.000000
798 2.9808e+00 2.8227e-03 0.000000 0.000000
799 2.9824e+00 2.8242e-03 0.000000 0.000000
800 2.9840e+00 2.8258e-03 0.000000 0.000000
801 2.9856e+00 2.8273e-03 0.000000 0.000000
802 2.9873e+00 2.8288e-03 0.000000 0.000000
803 2.9889e+00 2.8304e-03 0.000000 0.000000
804 2.9905e+00 2.8319e-03 0.000000 0.000000
805 2.9921e+00 2.8335e-03 0.000000 0.000000
806 2.9938e+00 2.8350e-03 0.000000 0.000000
807 2.9954e+00 2.8365e-03 0.000000 0.000000
808 2.9970e+00 2.8381e-03 0.000000 0.000000
809 2.9986e+00 2.8396e-03 0.000000 0.000000
810 3.0003e+00 2.8412e-03 0.000000 0.000000
811 3.0019e+00 2.8427e-03 0.000000 0.000000
812 3.0035e+00 2.8443e-03 0.000000 0.000000
813 3.0052e+00 2.8458e-03 0.000000 0.000000
814 3.0068e+00 2.8474e-03 0.000000 0.000000
815 3.0085e+00 2.8489e-03 0.000000 0.000000
816 3.0101e+00 2.8505e-03 0.000000 0.000000
817 3.0117e+00 2.8520e-03 0.000000 0.000000
818 3.0134e+00 2.8536e-03 0.000000 0.000000
819 3.0150e+00 2.8551e-03 0.000000 0.000000
820 3.0166e+00 2.8567e-03 0.000000 0.000000
821 3.0183e+00 2.8582e-03 0.000000 0.000000
822 3.0199e+00 2.8598e-03 0.000000 0.000000
823 3.0216e+00 2.8613e-03 0.000000 0.000000
824 3.0232e+00 2.8629e-03 0.000000 0.000000
825 3.0249e+00 2.8645e-03 0.000000 0.000000
826 3.0265e+00 2.8660e-03 0.000000 0.000000
827 3.0282e+00 2.8676e-03 0.000000 0.000000
828 3.0298e+00 2.8692e-03 0.000000 0.000000
829 3.0315e+00 2.8707e-03 0.000000 0.000000
830 3.0331e+00 2.8723e-03 0.000000 0.000000
831 3.0348e+00 2.8738e-03 0.000000 0.000000
832 3.0364e+00 2.8754e-03 0.000000 0.000000
833 3.0381e+00 2.8770e-03 0.000000 0.000000
834 3.0398e+00 2.8786e-03 0.000000 0.000000
835 3.0414e+00 2.8801e-03 0.000000 0.000000
836 3.0431e+00 2.8817e-03 0.000000 0.000000
837 3.0447e+00 2.8833e-03 0.000000 0.000000
838 3.0464e+00 2.8848e-03 0.000000 0.000000
839 3.0481e+00 2.8864e-03 0.000000 0.000000
840 3.0497e+00 2.8880e-03 0.000000 0.000000
841 3.0514e+00 2.8896e-03 0.000000 0.000000
842 3.0530e+00 2.8911e-03 0.000000 0.000000
843 3.0547e+00 2.8927e-03 0.000000 0.000000
844 3.0564e+00 2.8943e-03 0.000000 0.000000
845 3.0581e+00 2.8959e-03 0.000000 0.000000
846 3.0597e+00 2.8975e-03 0.000000 0.000000
847 3.0614e+00 2.8990e-03 0.000000 0.000000
848 3.0631e+00 2.9006e-03 0.000000 0.000000
849 3.0647e+00 2.9022e-03 0.000000 0.000000
850 3.0664e+00 2.9038e-03 0.000000 0.000000
851 3.0681e+00 2.9054e-03 0.000000 0.000000
852 3.0698e+00 2.9070e-03 0.000000 0.000000
853 3.0714e+00 2.9086e-03 0.000000 0.000000
854 3.0731e+00 2.9102e-03 0.000000 0.000000
855 3.0748e+00 2.9117e-03 0.000000 0.000000
856 3.0765e+00 2.9133e-03 0.000000 0.000000
857 3.0782e+00 2.9149e-03 0.000000 0.000000
858 3.0798e+00 2.9165e-03 0.000000 0.000000
859 3.0815e+00 2.9181e-03 0.000000 0.000000
860 3.0832e+00 2.9197e-03 0.000000 0.000000
861 3.0849e+00 2.9213e-03 0.000000 0.000000
862 3.0866e+00 2.9229e-03 0.000000 0.000000
863 3.0883e+00 2.9245e-03 0.000000 0.000000
864 3.0900e+00 2.9261e-03 0.000000 0.000000
865 3.0917e+00 2.9277e-03 0.000000 0.000000
866 3.0933e+00 2.9293e-03 0.000000 0.000000
867 3.0950e+00 2.9309e-03 0.000000 0.000000
868 3.0967e+00 2.9325e-03 0.000000 0.000000
869 3.0984e+00 2.9341e-03 0.000000 0.000000
870 3.1001e+00 2.9357e-03 0.000000 0.000000
871 3.1018e+00 2.9373e-03 0.000000 0.000000
872 3.1035e+00 2.9389e-03 0.000000 0.000000
873 3.1052e+00 2.9405e-03 0.000000 0.000000
874 3.1069e+00 2.9422e-03 0.000000 0.000000
875 3.1086e+00 2.9438e-03 0.000000 0.000000
876 3.1103e+00 2.9454e-03 0.000000 0.000000
877 3.1120e+00 2.9470e-03 0.000000 0.000000
878 3.1137e+00 2.9486e-03 0.000000 0.000000
879 3.1154e+00 2.9502e-03 0.000000 0.000000
880 3.1171e+00 2.9518e-03 0.000000 0.000000
881 3.1188e+00 2.9534e-03 0.000000 0.000000
882 3.1205e+00 2.9551e-03 0.000000 0.000000
883 3.1223e+00 2.9567e-03 0.000000 0.000000
884 3.1240e+00 2.9583e-03 0.000000 0.000000
885 3.1257e+00 2.9599e-03 0.000000 0.000000
886 3.1274e+00 2.9615e-03 0.000000 0.000000
887 3.1291e+00 2.9632e-03 0.000000 0.000000
888 3.1308e+00 2.9648e-03 0.000000 0.000000
889 3.1325e+00 2.9664e-03 0.000000 0.000000
890 3.1342e+00 2.9680e-03 0.000000 0.000000
891 3.1360e+00 2.9697e-03 0.000000 0.000000
892 3.1377e+00 2.9713e-03 0.000000 0.000000
893 3.1394e+00 2.9729e-03 0.000000 0.000000
894 3.1411e+00 2.9745e-03 0.000000 0.000000
895 3.1428e+00 2.9762e-03 0.000000 0.000000
896 3.1445e+00 2.9778e-03 0.000000 0.000000
897 3.1463e+00 2.9794e-03 0.000000 0.000000
898 3.1480e+00 2.9811e-03 0.000000 0.000000
899 3.1497e+00 2.9827e-03 0.000000 0.000000
900 3.1514e+00 2.9843e-03 0.000000 0.000000
901 3.1532e+00 2.9860e-03 0.000000 0.000000
902 3.1549e+00 2.9876e-03 0.000000 0.000000
903 3.1566e+00 2.9892e-03 0.000000 0.000000
904 3.1584e+00 2.9909e-03 0.000000 0.000000
905 3.1601e+00 2.9925e-03 0.000000 0.000000
906 3.1618e+00 2.9941e-03 0.000000 0.000000
907 3.1635e+00 2.9958e-03 0.000000 0.000000
908 3.1653e+00 2.9974e-03 0.000000 0.000000
909 3.1670e+00 2.9991e-03 0.000000 0.000000
910 3.1687e+00 3.0007e-03 0.000000 0.000000
911 3.1705e+00 3.0024e-03 0.000000 0.000000
912 3.1722e+00 3.0040e-03 0.000000 0.000000
913 3.1740e+00 3.0056e-03 0.000000 0.000000
914 3.1757e+00 3.0073e-03 0.000000 0.000000
915 3.1774e+00 3.0089e-03 0.000000 0.000000
916 3.1792e+00 3.0106e-03 0.000000 0.000000
917 3.1809e+00 3.0122e-03 0.000000 0.000000
918 3.1827e+00 3.0139e-03 0.000000 0.000000
919 3.1844e+00 3.0155e-03 0.000000 0.000000
920 3.1861e+00 3.0172e-03 0.000000 0.000000
921 3.1879e+00 3.0188e-03 0.000000 0.000000
922 3.1896e+00 3.0205e-03 0.000000 0.000000
923 3.1914e+00 3.0221e-03 0.000000 0.000000
924 3.1931e+00 3.0238e-03 0.000000 0.000000
925 3.1949e+00 3.0255e-03 0.000000 0.000000
926 3.1966e+00 3.0271e-03 0.000000 0.000000
927 3.1984e+00 3.0288e-03 0.000000 0.000000
928 3.2001e+00 3.0304e-03 0.000000 0.000000
929 3.2019e+00 3.0321e-03 0.000000 0.000000
930 3.2036e+00 3.0337e-03 0.000000 0.000000
931 3.2054e+00 3.0354e-03 0.000000 0.000000
932 3.2071e+00 3.0371e-03 0.000000 0.000000
933 3.2089e+00 3.0387e-03 0.000000 0.000000
934 3.2107e+00 3.0404e-03 0.000000 0.000000
935 3.2124e+00 3.0421e-03 0.000000 0.000000
936 3.2142e+00 3.0437e-03 0.000000 0.000000
937 3.2159e+00 3.0454e-03 0.000000 0.000000
938 3.2177e+00 3.0471e-03 0.000000 0.000000
939 3.2195e+00 3.0487e-03 0.000000 0.000000
940 3.2212e+00 3.0504e-03 0.000000 0.000000
941 3.2230e+00 3.0521e-03 0.000000 0.000000
942 3.2248e+00 3.0537e-03 0.000000 0.000000
943 3.2265e+00 3.0554e-03 0.000000 0.000000
944 3.2283e+00 3.0571e-03 0.000000 0.000000
945 3.2301e+00 3.0588e-03 0.000000 0.000000
946 3.2318e+00 3.0604e-03 0.000000 0.000000
947 3.2336e+00 3.0621e-03 0.000000 0.000000
948 3.2354e+00 3.0638e-03 0.000000 0.000000
949 3.2371e+00 3.0655e-03 0.000000 0.000000
950 3.2389e+00 3.0671e-03 0.000000 0.000000
951 3.2407e+00 3.0688e-03 0.000000 0.000000
952 3.2424e+00 3.0705e-03 0.000000 0.000000
953 3.2442e+00 3.0722e-03 0.000000 0.000000
954 3.2460e+00 3.0739e-03 0.000000 0.000000
955 3.2478e+00 3.0755e-03 0.000000 0.000000
956 3.2496e+00 3.0772e-03 0.000000 0.000000
957 3.2513e+00 3.0789e-03 0.000000 0.000000
958 3.2531e+00 3.0806e-03 0.000000 0.000000
959 3.2549e+00 3.0823e-03 0.000000 0.000000
960 3.2567e+00 3.0840e-03 0.000000 0.000000
961 3.2584e+00 3.0857e-03 0.000000 0.000000
962 3.2602e+00 3.0873e-03 0.000000 0.000000
963 3.2620e+00 3.0890e-03 0.000000 0.000000
964 3.2638e+00 3.0907e-03 0.000000 0.000000
965 3.2656e+00 3.0924e-03 0.000000 0.000000
966 3.2674e+00 3.0941e-03 0.000000 0.000000
967 3.2692e+00 3.0958e-03 0.000000 0.000000
968 3.2709e+00 3.0975e-03 0.000000 0.000000
969 3.2727e+00 3.0992e-03 0.000000 0.000000
970 3.2745e+00 3.1009e-03 0.000000 0.000000
971 3.2763e+00 3.1026e-03 0.000000 0.000000
972 3.2781e+00 3.1043e-03 0.000000 0.000000
973 3.2799e+00 3.1060e-03 0.000000 0.000000
974 3.2817e+00 3.1077e-03 0.000000 0.000000
975 3.2835e+00 3.1094e-03 0.000000 0.000000
976 3.2853e+00 3.1111e-03 0.000000 0.000000
977 3.2871e+00 3.1128e-03 0.000000 0.000000
978 3.2889e+00 3.1145e-03 0.000000 0.000000
979 3.2907e+00 3.1162e-03 0.000000 0.000000
980 3.2925e+00 3.1179e-03 0.000000 0.000000
981 3.2943e+00 3.1196e-03 0.000000 0.000000
982 3.2961e+00 3.1213e-03 0.000000 0.000000
983 3.2979e+00 3.1230e-03 0.000000 0.000000
984 3.2997e+00 3.1247e-03 0.000000 0.000000
985 3.3015e+00 3.1264e-03 0.000000 0.000000
986 3.3033e+00 3.1281e-03 0.000000 0.000000
987 3.3051e+00 3.1298e-03 0.000000 0.000000
988 3.3069e+00 3.1315e-03 0.000000 0.000000
989 3.3087e+00 3.1332e-03 0.000000 0.000000
990 3.3105e+00 3.1349e-03 0.000000 0.000000
991 3.3123e+00 3.1366e-03 0.000000 0.000000
992 3.3141e+00 3.1384e-03 0.000000 0.000000
993 3.3159e+00 3.1401e-03 0.000000 0.000000
994 3.3177e+00 3.1418e-03 0.000000 0.000000
995 3.3195e+00 3.1435e-03 0.000000 0.000000
996 3.3213e+00 3.1452e-03 0.000000 0.000000
997 3.3232e+00 3.1469e-03 0.000000 0.000000
998 3.3250e+00 3.1486e-03 0.000000 0.000000
999 3.3268e+00 3.1504e-03 0.000000 0.000000
