0    0    -0.0166667    -0.0166667    0
1    0    0.0166667    -0.0166667    0
2    0    0.05    -0.0166667    0
3    0    0.0833333    -0.0166667    0
4    0    0.116667    -0.0166667    0
5    0    0.15    -0.0166667    0
6    0    0.183333    -0.0166667    0
7    0    0.216667    -0.0166667    0
8    0    0.25    -0.0166667    0
9    0    0.283333    -0.0166667    0
10    0    0.316667    -0.0166667    0
11    0    0.35    -0.0166667    0
12    0    0.383333    -0.0166667    0
13    0    0.416667    -0.0166667    0
14    0    0.45    -0.0166667    0
15    0    0.483333    -0.0166667    0
16    0    0.516667    -0.0166667    0
17    0    0.55    -0.0166667    0
18    0    0.583333    -0.0166667    0
19    0    0.616667    -0.0166667    0
20    0    0.65    -0.0166667    0
21    0    0.683333    -0.0166667    0
22    0    0.716667    -0.0166667    0
23    0    0.75    -0.0166667    0
24    0    0.783333    -0.0166667    0
25    0    0.816667    -0.0166667    0
26    0    0.85    -0.0166667    0
27    0    0.883333    -0.0166667    0
28    0    0.916667    -0.0166667    0
29    0    0.95    -0.0166667    0
30    0    0.983333    -0.0166667    0
31    0    1.01667    -0.0166667    0
0    1    -0.0166667    0.0166667    0
1    1    0.0166667    0.0166667    1
2    1    0.05    0.0166667    1
3    1    0.0833333    0.0166667    1
4    1    0.116667    0.0166667    1
5    1    0.15    0.0166667    1
6    1    0.183333    0.0166667    1
7    1    0.216667    0.0166667    1
8    1    0.25    0.0166667    1
9    1    0.283333    0.0166667    1
10    1    0.316667    0.0166667    1
11    1    0.35    0.0166667    1
12    1    0.383333    0.0166667    1
13    1    0.416667    0.0166667    1
14    1    0.45    0.0166667    1
15    1    0.483333    0.0166667    1
16    1    0.516667    0.0166667    1
17    1    0.55    0.0166667    1
18    1    0.583333    0.0166667    1
19    1    0.616667    0.0166667    1
20    1    0.65    0.0166667    1
21    1    0.683333    0.0166667    1
22    1    0.716667    0.0166667    1
23    1    0.75    0.0166667    1
24    1    0.783333    0.0166667    1
25    1    0.816667    0.0166667    1
26    1    0.85    0.0166667    1
27    1    0.883333    0.0166667    1
28    1    0.916667    0.0166667    1
29    1    0.95    0.0166667    1
30    1    0.983333    0.0166667    1
31    1    1.01667    0.0166667    0
0    2    -0.0166667    0.05    0
1    2    0.0166667    0.05    1
2    2    0.05    0.05    1
3    2    0.0833333    0.05    1
4    2    0.116667    0.05    1
5    2    0.15    0.05    1
6    2    0.183333    0.05    1
7    2    0.216667    0.05    1
8    2    0.25    0.05    1
9    2    0.283333    0.05    1
10    2    0.316667    0.05    1
11    2    0.35    0.05    1
12    2    0.383333    0.05    1
13    2    0.416667    0.05    1
14    2    0.45    0.05    1
15    2    0.483333    0.05    1
16    2    0.516667    0.05    1
17    2    0.55    0.05    1
18    2    0.583333    0.05    1
19    2    0.616667    0.05    1
20    2    0.65    0.05    1
21    2    0.683333    0.05    1
22    2    0.716667    0.05    1
23    2    0.75    0.05    1
24    2    0.783333    0.05    1
25    2    0.816667    0.05    1
26    2    0.85    0.05    1
27    2    0.883333    0.05    1
28    2    0.916667    0.05    1
29    2    0.95    0.05    1
30    2    0.983333    0.05    1
31    2    1.01667    0.05    0
0    3    -0.0166667    0.0833333    0
1    3    0.0166667    0.0833333    1
2    3    0.05    0.0833333    1
3    3    0.0833333    0.0833333    1
4    3    0.116667    0.0833333    1
5    3    0.15    0.0833333    1
6    3    0.183333    0.0833333    1
7    3    0.216667    0.0833333    1
8    3    0.25    0.0833333    1
9    3    0.283333    0.0833333    1
10    3    0.316667    0.0833333    1
11    3    0.35    0.0833333    1
12    3    0.383333    0.0833333    1
13    3    0.416667    0.0833333    1
14    3    0.45    0.0833333    1
15    3    0.483333    0.0833333    1
16    3    0.516667    0.0833333    1
17    3    0.55    0.0833333    1
18    3    0.583333    0.0833333    1
19    3    0.616667    0.0833333    1
20    3    0.65    0.0833333    1
21    3    0.683333    0.0833333    1
22    3    0.716667    0.0833333    1
23    3    0.75    0.0833333    1
24    3    0.783333    0.0833333    1
25    3    0.816667    0.0833333    1
26    3    0.85    0.0833333    1
27    3    0.883333    0.0833333    1
28    3    0.916667    0.0833333    1
29    3    0.95    0.0833333    1
30    3    0.983333    0.0833333    1
31    3    1.01667    0.0833333    0
0    4    -0.0166667    0.116667    0
1    4    0.0166667    0.116667    1
2    4    0.05    0.116667    1
3    4    0.0833333    0.116667    1
4    4    0.116667    0.116667    1
5    4    0.15    0.116667    1
6    4    0.183333    0.116667    1
7    4    0.216667    0.116667    1
8    4    0.25    0.116667    1
9    4    0.283333    0.116667    1
10    4    0.316667    0.116667    1
11    4    0.35    0.116667    1
12    4    0.383333    0.116667    1
13    4    0.416667    0.116667    1
14    4    0.45    0.116667    1
15    4    0.483333    0.116667    1
16    4    0.516667    0.116667    1
17    4    0.55    0.116667    1
18    4    0.583333    0.116667    1
19    4    0.616667    0.116667    1
20    4    0.65    0.116667    1
21    4    0.683333    0.116667    1
22    4    0.716667    0.116667    1
23    4    0.75    0.116667    1
24    4    0.783333    0.116667    1
25    4    0.816667    0.116667    1
26    4    0.85    0.116667    1
27    4    0.883333    0.116667    1
28    4    0.916667    0.116667    1
29    4    0.95    0.116667    1
30    4    0.983333    0.116667    1
31    4    1.01667    0.116667    0
0    5    -0.0166667    0.15    0
1    5    0.0166667    0.15    1
2    5    0.05    0.15    1
3    5    0.0833333    0.15    1
4    5    0.116667    0.15    1
5    5    0.15    0.15    1
6    5    0.183333    0.15    1
7    5    0.216667    0.15    1
8    5    0.25    0.15    1
9    5    0.283333    0.15    1
10    5    0.316667    0.15    1
11    5    0.35    0.15    1
12    5    0.383333    0.15    1
13    5    0.416667    0.15    1
14    5    0.45    0.15    1
15    5    0.483333    0.15    1
16    5    0.516667    0.15    1
17    5    0.55    0.15    1
18    5    0.583333    0.15    1
19    5    0.616667    0.15    1
20    5    0.65    0.15    1
21    5    0.683333    0.15    1
22    5    0.716667    0.15    1
23    5    0.75    0.15    1
24    5    0.783333    0.15    1
25    5    0.816667    0.15    1
26    5    0.85    0.15    1
27    5    0.883333    0.15    1
28    5    0.916667    0.15    1
29    5    0.95    0.15    1
30    5    0.983333    0.15    1
31    5    1.01667    0.15    0
0    6    -0.0166667    0.183333    0
1    6    0.0166667    0.183333    1
2    6    0.05    0.183333    1
3    6    0.0833333    0.183333    1
4    6    0.116667    0.183333    1
5    6    0.15    0.183333    1
6    6    0.183333    0.183333    1
7    6    0.216667    0.183333    1
8    6    0.25    0.183333    1
9    6    0.283333    0.183333    1
10    6    0.316667    0.183333    1
11    6    0.35    0.183333    1
12    6    0.383333    0.183333    1
13    6    0.416667    0.183333    1
14    6    0.45    0.183333    1
15    6    0.483333    0.183333    1
16    6    0.516667    0.183333    1
17    6    0.55    0.183333    1
18    6    0.583333    0.183333    1
19    6    0.616667    0.183333    1
20    6    0.65    0.183333    1
21    6    0.683333    0.183333    1
22    6    0.716667    0.183333    1
23    6    0.75    0.183333    1
24    6    0.783333    0.183333    1
25    6    0.816667    0.183333    1
26    6    0.85    0.183333    1
27    6    0.883333    0.183333    1
28    6    0.916667    0.183333    1
29    6    0.95    0.183333    1
30    6    0.983333    0.183333    1
31    6    1.01667    0.183333    0
0    7    -0.0166667    0.216667    0
1    7    0.0166667    0.216667    1
2    7    0.05    0.216667    1
3    7    0.0833333    0.216667    1
4    7    0.116667    0.216667    1
5    7    0.15    0.216667    1
6    7    0.183333    0.216667    1
7    7    0.216667    0.216667    1
8    7    0.25    0.216667    1
9    7    0.283333    0.216667    1
10    7    0.316667    0.216667    1
11    7    0.35    0.216667    1
12    7    0.383333    0.216667    1
13    7    0.416667    0.216667    1
14    7    0.45    0.216667    1
15    7    0.483333    0.216667    1
16    7    0.516667    0.216667    1
17    7    0.55    0.216667    1
18    7    0.583333    0.216667    1
19    7    0.616667    0.216667    1
20    7    0.65    0.216667    1
21    7    0.683333    0.216667    1
22    7    0.716667    0.216667    1
23    7    0.75    0.216667    1
24    7    0.783333    0.216667    1
25    7    0.816667    0.216667    1
26    7    0.85    0.216667    1
27    7    0.883333    0.216667    1
28    7    0.916667    0.216667    1
29    7    0.95    0.216667    1
30    7    0.983333    0.216667    1
31    7    1.01667    0.216667    0
0    8    -0.0166667    0.25    0
1    8    0.0166667    0.25    1
2    8    0.05    0.25    1
3    8    0.0833333    0.25    1
4    8    0.116667    0.25    1
5    8    0.15    0.25    1
6    8    0.183333    0.25    1
7    8    0.216667    0.25    1
8    8    0.25    0.25    1
9    8    0.283333    0.25    1
10    8    0.316667    0.25    1
11    8    0.35    0.25    1
12    8    0.383333    0.25    1
13    8    0.416667    0.25    1
14    8    0.45    0.25    1
15    8    0.483333    0.25    1
16    8    0.516667    0.25    1
17    8    0.55    0.25    1
18    8    0.583333    0.25    1
19    8    0.616667    0.25    1
20    8    0.65    0.25    1
21    8    0.683333    0.25    1
22    8    0.716667    0.25    1
23    8    0.75    0.25    1
24    8    0.783333    0.25    1
25    8    0.816667    0.25    1
26    8    0.85    0.25    1
27    8    0.883333    0.25    1
28    8    0.916667    0.25    1
29    8    0.95    0.25    1
30    8    0.983333    0.25    1
31    8    1.01667    0.25    0
0    9    -0.0166667    0.283333    0
1    9    0.0166667    0.283333    1
2    9    0.05    0.283333    1
3    9    0.0833333    0.283333    1
4    9    0.116667    0.283333    1
5    9    0.15    0.283333    1
6    9    0.183333    0.283333    1
7    9    0.216667    0.283333    1
8    9    0.25    0.283333    1
9    9    0.283333    0.283333    1
10    9    0.316667    0.283333    1
11    9    0.35    0.283333    1
12    9    0.383333    0.283333    1
13    9    0.416667    0.283333    1
14    9    0.45    0.283333    1
15    9    0.483333    0.283333    1
16    9    0.516667    0.283333    1
17    9    0.55    0.283333    1
18    9    0.583333    0.283333    1
19    9    0.616667    0.283333    1
20    9    0.65    0.283333    1
21    9    0.683333    0.283333    1
22    9    0.716667    0.283333    1
23    9    0.75    0.283333    1
24    9    0.783333    0.283333    1
25    9    0.816667    0.283333    1
26    9    0.85    0.283333    1
27    9    0.883333    0.283333    1
28    9    0.916667    0.283333    1
29    9    0.95    0.283333    1
30    9    0.983333    0.283333    1
31    9    1.01667    0.283333    0
0    10    -0.0166667    0.316667    0
1    10    0.0166667    0.316667    1
2    10    0.05    0.316667    1
3    10    0.0833333    0.316667    1
4    10    0.116667    0.316667    1
5    10    0.15    0.316667    1
6    10    0.183333    0.316667    1
7    10    0.216667    0.316667    1
8    10    0.25    0.316667    1
9    10    0.283333    0.316667    1
10    10    0.316667    0.316667    1
11    10    0.35    0.316667    1
12    10    0.383333    0.316667    1
13    10    0.416667    0.316667    1
14    10    0.45    0.316667    1
15    10    0.483333    0.316667    1
16    10    0.516667    0.316667    1
17    10    0.55    0.316667    1
18    10    0.583333    0.316667    1
19    10    0.616667    0.316667    1
20    10    0.65    0.316667    1
21    10    0.683333    0.316667    1
22    10    0.716667    0.316667    1
23    10    0.75    0.316667    1
24    10    0.783333    0.316667    1
25    10    0.816667    0.316667    1
26    10    0.85    0.316667    1
27    10    0.883333    0.316667    1
28    10    0.916667    0.316667    1
29    10    0.95    0.316667    1
30    10    0.983333    0.316667    1
31    10    1.01667    0.316667    0
0    11    -0.0166667    0.35    0
1    11    0.0166667    0.35    1
2    11    0.05    0.35    1
3    11    0.0833333    0.35    1
4    11    0.116667    0.35    1
5    11    0.15    0.35    1
6    11    0.183333    0.35    1
7    11    0.216667    0.35    1
8    11    0.25    0.35    1
9    11    0.283333    0.35    1
10    11    0.316667    0.35    1
11    11    0.35    0.35    1
12    11    0.383333    0.35    1
13    11    0.416667    0.35    1
14    11    0.45    0.35    1
15    11    0.483333    0.35    1
16    11    0.516667    0.35    1
17    11    0.55    0.35    1
18    11    0.583333    0.35    1
19    11    0.616667    0.35    1
20    11    0.65    0.35    1
21    11    0.683333    0.35    1
22    11    0.716667    0.35    1
23    11    0.75    0.35    1
24    11    0.783333    0.35    1
25    11    0.816667    0.35    1
26    11    0.85    0.35    1
27    11    0.883333    0.35    1
28    11    0.916667    0.35    1
29    11    0.95    0.35    1
30    11    0.983333    0.35    1
31    11    1.01667    0.35    0
0    12    -0.0166667    0.383333    0
1    12    0.0166667    0.383333    1
2    12    0.05    0.383333    1
3    12    0.0833333    0.383333    1
4    12    0.116667    0.383333    1
5    12    0.15    0.383333    1
6    12    0.183333    0.383333    1
7    12    0.216667    0.383333    1
8    12    0.25    0.383333    1
9    12    0.283333    0.383333    1
10    12    0.316667    0.383333    1
11    12    0.35    0.383333    1
12    12    0.383333    0.383333    1
13    12    0.416667    0.383333    1
14    12    0.45    0.383333    1
15    12    0.483333    0.383333    1
16    12    0.516667    0.383333    1
17    12    0.55    0.383333    1
18    12    0.583333    0.383333    1
19    12    0.616667    0.383333    1
20    12    0.65    0.383333    1
21    12    0.683333    0.383333    1
22    12    0.716667    0.383333    1
23    12    0.75    0.383333    1
24    12    0.783333    0.383333    1
25    12    0.816667    0.383333    1
26    12    0.85    0.383333    1
27    12    0.883333    0.383333    1
28    12    0.916667    0.383333    1
29    12    0.95    0.383333    1
30    12    0.983333    0.383333    1
31    12    1.01667    0.383333    0
0    13    -0.0166667    0.416667    0
1    13    0.0166667    0.416667    1
2    13    0.05    0.416667    1
3    13    0.0833333    0.416667    1
4    13    0.116667    0.416667    1
5    13    0.15    0.416667    1
6    13    0.183333    0.416667    1
7    13    0.216667    0.416667    1
8    13    0.25    0.416667    1
9    13    0.283333    0.416667    1
10    13    0.316667    0.416667    1
11    13    0.35    0.416667    1
12    13    0.383333    0.416667    1
13    13    0.416667    0.416667    1
14    13    0.45    0.416667    1
15    13    0.483333    0.416667    1
16    13    0.516667    0.416667    1
17    13    0.55    0.416667    1
18    13    0.583333    0.416667    1
19    13    0.616667    0.416667    1
20    13    0.65    0.416667    1
21    13    0.683333    0.416667    1
22    13    0.716667    0.416667    1
23    13    0.75    0.416667    1
24    13    0.783333    0.416667    1
25    13    0.816667    0.416667    1
26    13    0.85    0.416667    1
27    13    0.883333    0.416667    1
28    13    0.916667    0.416667    1
29    13    0.95    0.416667    1
30    13    0.983333    0.416667    1
31    13    1.01667    0.416667    0
0    14    -0.0166667    0.45    0
1    14    0.0166667    0.45    1
2    14    0.05    0.45    1
3    14    0.0833333    0.45    1
4    14    0.116667    0.45    1
5    14    0.15    0.45    1
6    14    0.183333    0.45    1
7    14    0.216667    0.45    1
8    14    0.25    0.45    1
9    14    0.283333    0.45    1
10    14    0.316667    0.45    1
11    14    0.35    0.45    1
12    14    0.383333    0.45    1
13    14    0.416667    0.45    1
14    14    0.45    0.45    1
15    14    0.483333    0.45    1
16    14    0.516667    0.45    1
17    14    0.55    0.45    1
18    14    0.583333    0.45    1
19    14    0.616667    0.45    1
20    14    0.65    0.45    1
21    14    0.683333    0.45    1
22    14    0.716667    0.45    1
23    14    0.75    0.45    1
24    14    0.783333    0.45    1
25    14    0.816667    0.45    1
26    14    0.85    0.45    1
27    14    0.883333    0.45    1
28    14    0.916667    0.45    1
29    14    0.95    0.45    1
30    14    0.983333    0.45    1
31    14    1.01667    0.45    0
0    15    -0.0166667    0.483333    0
1    15    0.0166667    0.483333    1
2    15    0.05    0.483333    1
3    15    0.0833333    0.483333    1
4    15    0.116667    0.483333    1
5    15    0.15    0.483333    1
6    15    0.183333    0.483333    1
7    15    0.216667    0.483333    1
8    15    0.25    0.483333    1
9    15    0.283333    0.483333    1
10    15    0.316667    0.483333    1
11    15    0.35    0.483333    1
12    15    0.383333    0.483333    1
13    15    0.416667    0.483333    1
14    15    0.45    0.483333    1
15    15    0.483333    0.483333    1
16    15    0.516667    0.483333    1
17    15    0.55    0.483333    1
18    15    0.583333    0.483333    1
19    15    0.616667    0.483333    1
20    15    0.65    0.483333    1
21    15    0.683333    0.483333    1
22    15    0.716667    0.483333    1
23    15    0.75    0.483333    1
24    15    0.783333    0.483333    1
25    15    0.816667    0.483333    1
26    15    0.85    0.483333    1
27    15    0.883333    0.483333    1
28    15    0.916667    0.483333    1
29    15    0.95    0.483333    1
30    15    0.983333    0.483333    1
31    15    1.01667    0.483333    0
0    16    -0.0166667    0.516667    0
1    16    0.0166667    0.516667    1
2    16    0.05    0.516667    1
3    16    0.0833333    0.516667    1
4    16    0.116667    0.516667    1
5    16    0.15    0.516667    1
6    16    0.183333    0.516667    1
7    16    0.216667    0.516667    1
8    16    0.25    0.516667    1
9    16    0.283333    0.516667    1
10    16    0.316667    0.516667    1
11    16    0.35    0.516667    1
12    16    0.383333    0.516667    1
13    16    0.416667    0.516667    1
14    16    0.45    0.516667    1
15    16    0.483333    0.516667    1
16    16    0.516667    0.516667    1
17    16    0.55    0.516667    1
18    16    0.583333    0.516667    1
19    16    0.616667    0.516667    1
20    16    0.65    0.516667    1
21    16    0.683333    0.516667    1
22    16    0.716667    0.516667    1
23    16    0.75    0.516667    1
24    16    0.783333    0.516667    1
25    16    0.816667    0.516667    1
26    16    0.85    0.516667    1
27    16    0.883333    0.516667    1
28    16    0.916667    0.516667    1
29    16    0.95    0.516667    1
30    16    0.983333    0.516667    1
31    16    1.01667    0.516667    0
0    17    -0.0166667    0.55    0
1    17    0.0166667    0.55    1
2    17    0.05    0.55    1
3    17    0.0833333    0.55    1
4    17    0.116667    0.55    1
5    17    0.15    0.55    1
6    17    0.183333    0.55    1
7    17    0.216667    0.55    1
8    17    0.25    0.55    1
9    17    0.283333    0.55    1
10    17    0.316667    0.55    1
11    17    0.35    0.55    1
12    17    0.383333    0.55    1
13    17    0.416667    0.55    1
14    17    0.45    0.55    1
15    17    0.483333    0.55    1
16    17    0.516667    0.55    1
17    17    0.55    0.55    1
18    17    0.583333    0.55    1
19    17    0.616667    0.55    1
20    17    0.65    0.55    1
21    17    0.683333    0.55    1
22    17    0.716667    0.55    1
23    17    0.75    0.55    1
24    17    0.783333    0.55    1
25    17    0.816667    0.55    1
26    17    0.85    0.55    1
27    17    0.883333    0.55    1
28    17    0.916667    0.55    1
29    17    0.95    0.55    1
30    17    0.983333    0.55    1
31    17    1.01667    0.55    0
0    18    -0.0166667    0.583333    0
1    18    0.0166667    0.583333    1
2    18    0.05    0.583333    1
3    18    0.0833333    0.583333    1
4    18    0.116667    0.583333    1
5    18    0.15    0.583333    1
6    18    0.183333    0.583333    1
7    18    0.216667    0.583333    1
8    18    0.25    0.583333    1
9    18    0.283333    0.583333    1
10    18    0.316667    0.583333    1
11    18    0.35    0.583333    1
12    18    0.383333    0.583333    1
13    18    0.416667    0.583333    1
14    18    0.45    0.583333    1
15    18    0.483333    0.583333    1
16    18    0.516667    0.583333    1
17    18    0.55    0.583333    1
18    18    0.583333    0.583333    1
19    18    0.616667    0.583333    1
20    18    0.65    0.583333    1
21    18    0.683333    0.583333    1
22    18    0.716667    0.583333    1
23    18    0.75    0.583333    1
24    18    0.783333    0.583333    1
25    18    0.816667    0.583333    1
26    18    0.85    0.583333    1
27    18    0.883333    0.583333    1
28    18    0.916667    0.583333    1
29    18    0.95    0.583333    1
30    18    0.983333    0.583333    1
31    18    1.01667    0.583333    0
0    19    -0.0166667    0.616667    0
1    19    0.0166667    0.616667    1
2    19    0.05    0.616667    1
3    19    0.0833333    0.616667    1
4    19    0.116667    0.616667    1
5    19    0.15    0.616667    1
6    19    0.183333    0.616667    1
7    19    0.216667    0.616667    1
8    19    0.25    0.616667    1
9    19    0.283333    0.616667    1
10    19    0.316667    0.616667    1
11    19    0.35    0.616667    1
12    19    0.383333    0.616667    1
13    19    0.416667    0.616667    1
14    19    0.45    0.616667    1
15    19    0.483333    0.616667    1
16    19    0.516667    0.616667    1
17    19    0.55    0.616667    1
18    19    0.583333    0.616667    1
19    19    0.616667    0.616667    1
20    19    0.65    0.616667    1
21    19    0.683333    0.616667    1
22    19    0.716667    0.616667    1
23    19    0.75    0.616667    1
24    19    0.783333    0.616667    1
25    19    0.816667    0.616667    1
26    19    0.85    0.616667    1
27    19    0.883333    0.616667    1
28    19    0.916667    0.616667    1
29    19    0.95    0.616667    1
30    19    0.983333    0.616667    1
31    19    1.01667    0.616667    0
0    20    -0.0166667    0.65    0
1    20    0.0166667    0.65    1
2    20    0.05    0.65    1
3    20    0.0833333    0.65    1
4    20    0.116667    0.65    1
5    20    0.15    0.65    1
6    20    0.183333    0.65    1
7    20    0.216667    0.65    1
8    20    0.25    0.65    1
9    20    0.283333    0.65    1
10    20    0.316667    0.65    1
11    20    0.35    0.65    1
12    20    0.383333    0.65    1
13    20    0.416667    0.65    1
14    20    0.45    0.65    1
15    20    0.483333    0.65    1
16    20    0.516667    0.65    1
17    20    0.55    0.65    1
18    20    0.583333    0.65    1
19    20    0.616667    0.65    1
20    20    0.65    0.65    1
21    20    0.683333    0.65    1
22    20    0.716667    0.65    1
23    20    0.75    0.65    1
24    20    0.783333    0.65    1
25    20    0.816667    0.65    1
26    20    0.85    0.65    1
27    20    0.883333    0.65    1
28    20    0.916667    0.65    1
29    20    0.95    0.65    1
30    20    0.983333    0.65    1
31    20    1.01667    0.65    0
0    21    -0.0166667    0.683333    0
1    21    0.0166667    0.683333    1
2    21    0.05    0.683333    1
3    21    0.0833333    0.683333    1
4    21    0.116667    0.683333    1
5    21    0.15    0.683333    1
6    21    0.183333    0.683333    1
7    21    0.216667    0.683333    1
8    21    0.25    0.683333    1
9    21    0.283333    0.683333    1
10    21    0.316667    0.683333    1
11    21    0.35    0.683333    1
12    21    0.383333    0.683333    1
13    21    0.416667    0.683333    1
14    21    0.45    0.683333    1
15    21    0.483333    0.683333    1
16    21    0.516667    0.683333    1
17    21    0.55    0.683333    1
18    21    0.583333    0.683333    1
19    21    0.616667    0.683333    1
20    21    0.65    0.683333    1
21    21    0.683333    0.683333    1
22    21    0.716667    0.683333    1
23    21    0.75    0.683333    1
24    21    0.783333    0.683333    1
25    21    0.816667    0.683333    1
26    21    0.85    0.683333    1
27    21    0.883333    0.683333    1
28    21    0.916667    0.683333    1
29    21    0.95    0.683333    1
30    21    0.983333    0.683333    1
31    21    1.01667    0.683333    0
0    22    -0.0166667    0.716667    0
1    22    0.0166667    0.716667    1
2    22    0.05    0.716667    1
3    22    0.0833333    0.716667    1
4    22    0.116667    0.716667    1
5    22    0.15    0.716667    1
6    22    0.183333    0.716667    1
7    22    0.216667    0.716667    1
8    22    0.25    0.716667    1
9    22    0.283333    0.716667    1
10    22    0.316667    0.716667    1
11    22    0.35    0.716667    1
12    22    0.383333    0.716667    1
13    22    0.416667    0.716667    1
14    22    0.45    0.716667    1
15    22    0.483333    0.716667    1
16    22    0.516667    0.716667    1
17    22    0.55    0.716667    1
18    22    0.583333    0.716667    1
19    22    0.616667    0.716667    1
20    22    0.65    0.716667    1
21    22    0.683333    0.716667    1
22    22    0.716667    0.716667    1
23    22    0.75    0.716667    1
24    22    0.783333    0.716667    1
25    22    0.816667    0.716667    1
26    22    0.85    0.716667    1
27    22    0.883333    0.716667    1
28    22    0.916667    0.716667    1
29    22    0.95    0.716667    1
30    22    0.983333    0.716667    1
31    22    1.01667    0.716667    0
0    23    -0.0166667    0.75    0
1    23    0.0166667    0.75    1
2    23    0.05    0.75    1
3    23    0.0833333    0.75    1
4    23    0.116667    0.75    1
5    23    0.15    0.75    1
6    23    0.183333    0.75    1
7    23    0.216667    0.75    1
8    23    0.25    0.75    1
9    23    0.283333    0.75    1
10    23    0.316667    0.75    1
11    23    0.35    0.75    1
12    23    0.383333    0.75    1
13    23    0.416667    0.75    1
14    23    0.45    0.75    1
15    23    0.483333    0.75    1
16    23    0.516667    0.75    1
17    23    0.55    0.75    1
18    23    0.583333    0.75    1
19    23    0.616667    0.75    1
20    23    0.65    0.75    1
21    23    0.683333    0.75    1
22    23    0.716667    0.75    1
23    23    0.75    0.75    1
24    23    0.783333    0.75    1
25    23    0.816667    0.75    1
26    23    0.85    0.75    1
27    23    0.883333    0.75    1
28    23    0.916667    0.75    1
29    23    0.95    0.75    1
30    23    0.983333    0.75    1
31    23    1.01667    0.75    0
0    24    -0.0166667    0.783333    0
1    24    0.0166667    0.783333    1
2    24    0.05    0.783333    1
3    24    0.0833333    0.783333    1
4    24    0.116667    0.783333    1
5    24    0.15    0.783333    1
6    24    0.183333    0.783333    1
7    24    0.216667    0.783333    1
8    24    0.25    0.783333    1
9    24    0.283333    0.783333    1
10    24    0.316667    0.783333    1
11    24    0.35    0.783333    1
12    24    0.383333    0.783333    1
13    24    0.416667    0.783333    1
14    24    0.45    0.783333    1
15    24    0.483333    0.783333    1
16    24    0.516667    0.783333    1
17    24    0.55    0.783333    1
18    24    0.583333    0.783333    1
19    24    0.616667    0.783333    1
20    24    0.65    0.783333    1
21    24    0.683333    0.783333    1
22    24    0.716667    0.783333    1
23    24    0.75    0.783333    1
24    24    0.783333    0.783333    1
25    24    0.816667    0.783333    1
26    24    0.85    0.783333    1
27    24    0.883333    0.783333    1
28    24    0.916667    0.783333    1
29    24    0.95    0.783333    1
30    24    0.983333    0.783333    1
31    24    1.01667    0.783333    0
0    25    -0.0166667    0.816667    0
1    25    0.0166667    0.816667    1
2    25    0.05    0.816667    1
3    25    0.0833333    0.816667    1
4    25    0.116667    0.816667    1
5    25    0.15    0.816667    1
6    25    0.183333    0.816667    1
7    25    0.216667    0.816667    1
8    25    0.25    0.816667    1
9    25    0.283333    0.816667    1
10    25    0.316667    0.816667    1
11    25    0.35    0.816667    1
12    25    0.383333    0.816667    1
13    25    0.416667    0.816667    1
14    25    0.45    0.816667    1
15    25    0.483333    0.816667    1
16    25    0.516667    0.816667    1
17    25    0.55    0.816667    1
18    25    0.583333    0.816667    1
19    25    0.616667    0.816667    1
20    25    0.65    0.816667    1
21    25    0.683333    0.816667    1
22    25    0.716667    0.816667    1
23    25    0.75    0.816667    1
24    25    0.783333    0.816667    1
25    25    0.816667    0.816667    1
26    25    0.85    0.816667    1
27    25    0.883333    0.816667    1
28    25    0.916667    0.816667    1
29    25    0.95    0.816667    1
30    25    0.983333    0.816667    1
31    25    1.01667    0.816667    0
0    26    -0.0166667    0.85    0
1    26    0.0166667    0.85    1
2    26    0.05    0.85    1
3    26    0.0833333    0.85    1
4    26    0.116667    0.85    1
5    26    0.15    0.85    1
6    26    0.183333    0.85    1
7    26    0.216667    0.85    1
8    26    0.25    0.85    1
9    26    0.283333    0.85    1
10    26    0.316667    0.85    1
11    26    0.35    0.85    1
12    26    0.383333    0.85    1
13    26    0.416667    0.85    1
14    26    0.45    0.85    1
15    26    0.483333    0.85    1
16    26    0.516667    0.85    1
17    26    0.55    0.85    1
18    26    0.583333    0.85    1
19    26    0.616667    0.85    1
20    26    0.65    0.85    1
21    26    0.683333    0.85    1
22    26    0.716667    0.85    1
23    26    0.75    0.85    1
24    26    0.783333    0.85    1
25    26    0.816667    0.85    1
26    26    0.85    0.85    1
27    26    0.883333    0.85    1
28    26    0.916667    0.85    1
29    26    0.95    0.85    1
30    26    0.983333    0.85    1
31    26    1.01667    0.85    0
0    27    -0.0166667    0.883333    0
1    27    0.0166667    0.883333    1
2    27    0.05    0.883333    1
3    27    0.0833333    0.883333    1
4    27    0.116667    0.883333    1
5    27    0.15    0.883333    1
6    27    0.183333    0.883333    1
7    27    0.216667    0.883333    1
8    27    0.25    0.883333    1
9    27    0.283333    0.883333    1
10    27    0.316667    0.883333    1
11    27    0.35    0.883333    1
12    27    0.383333    0.883333    1
13    27    0.416667    0.883333    1
14    27    0.45    0.883333    1
15    27    0.483333    0.883333    1
16    27    0.516667    0.883333    1
17    27    0.55    0.883333    1
18    27    0.583333    0.883333    1
19    27    0.616667    0.883333    1
20    27    0.65    0.883333    1
21    27    0.683333    0.883333    1
22    27    0.716667    0.883333    1
23    27    0.75    0.883333    1
24    27    0.783333    0.883333    1
25    27    0.816667    0.883333    1
26    27    0.85    0.883333    1
27    27    0.883333    0.883333    1
28    27    0.916667    0.883333    1
29    27    0.95    0.883333    1
30    27    0.983333    0.883333    1
31    27    1.01667    0.883333    0
0    28    -0.0166667    0.916667    0
1    28    0.0166667    0.916667    1
2    28    0.05    0.916667    1
3    28    0.0833333    0.916667    1
4    28    0.116667    0.916667    1
5    28    0.15    0.916667    1
6    28    0.183333    0.916667    1
7    28    0.216667    0.916667    1
8    28    0.25    0.916667    1
9    28    0.283333    0.916667    1
10    28    0.316667    0.916667    1
11    28    0.35    0.916667    1
12    28    0.383333    0.916667    1
13    28    0.416667    0.916667    1
14    28    0.45    0.916667    1
15    28    0.483333    0.916667    1
16    28    0.516667    0.916667    1
17    28    0.55    0.916667    1
18    28    0.583333    0.916667    1
19    28    0.616667    0.916667    1
20    28    0.65    0.916667    1
21    28    0.683333    0.916667    1
22    28    0.716667    0.916667    1
23    28    0.75    0.916667    1
24    28    0.783333    0.916667    1
25    28    0.816667    0.916667    1
26    28    0.85    0.916667    1
27    28    0.883333    0.916667    1
28    28    0.916667    0.916667    1
29    28    0.95    0.916667    1
30    28    0.983333    0.916667    1
31    28    1.01667    0.916667    0
0    29    -0.0166667    0.95    0
1    29    0.0166667    0.95    1
2    29    0.05    0.95    1
3    29    0.0833333    0.95    1
4    29    0.116667    0.95    1
5    29    0.15    0.95    1
6    29    0.183333    0.95    1
7    29    0.216667    0.95    1
8    29    0.25    0.95    1
9    29    0.283333    0.95    1
10    29    0.316667    0.95    1
11    29    0.35    0.95    1
12    29    0.383333    0.95    1
13    29    0.416667    0.95    1
14    29    0.45    0.95    1
15    29    0.483333    0.95    1
16    29    0.516667    0.95    1
17    29    0.55    0.95    1
18    29    0.583333    0.95    1
19    29    0.616667    0.95    1
20    29    0.65    0.95    1
21    29    0.683333    0.95    1
22    29    0.716667    0.95    1
23    29    0.75    0.95    1
24    29    0.783333    0.95    1
25    29    0.816667    0.95    1
26    29    0.85    0.95    1
27    29    0.883333    0.95    1
28    29    0.916667    0.95    1
29    29    0.95    0.95    1
30    29    0.983333    0.95    1
31    29    1.01667    0.95    0
0    30    -0.0166667    0.983333    0
1    30    0.0166667    0.983333    1
2    30    0.05    0.983333    1
3    30    0.0833333    0.983333    1
4    30    0.116667    0.983333    1
5    30    0.15    0.983333    1
6    30    0.183333    0.983333    1
7    30    0.216667    0.983333    1
8    30    0.25    0.983333    1
9    30    0.283333    0.983333    1
10    30    0.316667    0.983333    1
11    30    0.35    0.983333    1
12    30    0.383333    0.983333    1
13    30    0.416667    0.983333    1
14    30    0.45    0.983333    1
15    30    0.483333    0.983333    1
16    30    0.516667    0.983333    1
17    30    0.55    0.983333    1
18    30    0.583333    0.983333    1
19    30    0.616667    0.983333    1
20    30    0.65    0.983333    1
21    30    0.683333    0.983333    1
22    30    0.716667    0.983333    1
23    30    0.75    0.983333    1
24    30    0.783333    0.983333    1
25    30    0.816667    0.983333    1
26    30    0.85    0.983333    1
27    30    0.883333    0.983333    1
28    30    0.916667    0.983333    1
29    30    0.95    0.983333    1
30    30    0.983333    0.983333    1
31    30    1.01667    0.983333    0
0    31    -0.0166667    1.01667    0
1    31    0.0166667    1.01667    0
2    31    0.05    1.01667    0
3    31    0.0833333    1.01667    0
4    31    0.116667    1.01667    0
5    31    0.15    1.01667    0
6    31    0.183333    1.01667    0
7    31    0.216667    1.01667    0
8    31    0.25    1.01667    0
9    31    0.283333    1.01667    0
10    31    0.316667    1.01667    0
11    31    0.35    1.01667    0
12    31    0.383333    1.01667    0
13    31    0.416667    1.01667    0
14    31    0.45    1.01667    0
15    31    0.483333    1.01667    0
16    31    0.516667    1.01667    0
17    31    0.55    1.01667    0
18    31    0.583333    1.01667    0
19    31    0.616667    1.01667    0
20    31    0.65    1.01667    0
21    31    0.683333    1.01667    0
22    31    0.716667    1.01667    0
23    31    0.75    1.01667    0
24    31    0.783333    1.01667    0
25    31    0.816667    1.01667    0
26    31    0.85    1.01667    0
27    31    0.883333    1.01667    0
28    31    0.916667    1.01667    0
29    31    0.95    1.01667    0
30    31    0.983333    1.01667    0
31    31    1.01667    1.01667    0
0    32    -0.0166667    1.05    0
1    32    0.0166667    1.05    0
2    32    0.05    1.05    0
3    32    0.0833333    1.05    0
4    32    0.116667    1.05    0
5    32    0.15    1.05    0
6    32    0.183333    1.05    0
7    32    0.216667    1.05    0
8    32    0.25    1.05    0
9    32    0.283333    1.05    0
10    32    0.316667    1.05    0
11    32    0.35    1.05    0
12    32    0.383333    1.05    0
13    32    0.416667    1.05    0
14    32    0.45    1.05    0
15    32    0.483333    1.05    0
16    32    0.516667    1.05    0
17    32    0.55    1.05    0
18    32    0.583333    1.05    0
19    32    0.616667    1.05    0
20    32    0.65    1.05    0
21    32    0.683333    1.05    0
22    32    0.716667    1.05    0
23    32    0.75    1.05    0
24    32    0.783333    1.05    0
25    32    0.816667    1.05    0
26    32    0.85    1.05    0
27    32    0.883333    1.05    0
28    32    0.916667    1.05    0
29    32    0.95    1.05    0
30    32    0.983333    1.05    0
31    32    1.01667    1.05    0
